10
1
42
10
61 24 94 75 39 26 93 53 97 92
50
1 2 3 4 5 6 7 8 9 10 11 12 13 14 15 16 17 18 19 20 21 22 23 24 25 26 27 28 29 30 31 32 33 34 35 36 37 38 39 40 41 42 43 44 45 46 47 48 49 50
50
50 49 48 47 46 45 44 43 42 41 40 39 38 37 36 35 34 33 32 31 30 29 28 27 26 25 24 23 22 21 20 19 18 17 16 15 14 13 12 11 10 9 8 7 6 5 4 3 2 1
100
77 77 77 77 77 77 77 77 77 77 77 77 77 77 77 77 77 77 77 77 77 77 77 77 77 77 77 77 77 77 77 77 77 77 77 77 77 77 77 77 77 77 77 77 77 77 77 77 77 77 77 77 77 77 77 77 77 77 77 77 77 77 77 77 77 77 77 77 77 77 77 77 77 77 77 77 77 77 77 77 77 77 77 77 77 77 77 77 77 77 77 77 77 77 77 77 77 77 77 77
300
795477 278105 559081 257076 667050 852054 770958 522507 371377 436074 552945 763111 645558 228723 324565 570250 738261 346281 544579 78300 766887 811990 909224 216408 722703 789149 763037 491293 969588 743477 871896 914261 684218 155579 557432 222939 909599 431920 61327 808127 366420 659210 436806 488513 130216 760550 779621 145717 799866 343008 409266 346897 362070 832212 210919 341294 447540 434514 331827 595265 224456 949006 909955 426745 240232 214425 42454 786337 236160 798929 20365 907451 271454 884955 530203 334731 809926 597865 843455 739411 441503 643497 117477 347213 892697 684436 636170 818277 241805 247549 486817 383476 142716 212958 386693 517307 624414 877149 658609 148266 274657 406084 653938 353643 351799 985716 742946 747377 487547 903071 178065 717304 729379 805120 903018 138423 347932 969433 216962 609245 719925 68630 102751 986847 884534 182178 4527 943582 157978 459422 738030 247134 367301 239647 85395 205151 842017 298048 250909 728805 483567 630933 276432 505462 549138 922258 457198 696116 435060 210697 883666 74290 316014 317196 291950 142363 591963 693743 766836 262173 552929 105499 519276 229310 934295 204935 822417 407476 184674 540298 891471 234081 335491 371837 786566 736673 934712 838628 47826 606978 944684 977309 710957 570593 395269 981606 777413 755460 996786 664197 76932 124310 240699 58476 542886 131569 991111 869842 220454 950714 665831 644818 968683 92142 992425 528630 182200 247729 511758 612302 837737 767391 173089 169907 91005 131403 647797 109364 850801 989434 623033 588961 851949 633684 662188 31644 624307 113204 587238 188567 570725 732238 330029 487 128833 294609 30325 191101 64469 108841 666212 898996 655252 706160 649975 769886 220383 607296 217953 675861 199330 483368 195201 495954 328899 285954 768185 475936 665113 460451 875164 750729 844964 864039 227836 419644 614812 908798 470531 905675 438748 623256 737183 140275 925249 219649 168167 326788 417229 206503 789188 188142 374007 477447 719984 15615 125043 351637 707478 3066 810369 233770 788646 531509 439585 690568 39418 224586 638074 487187
500
10 20 30 40 50 60 70 80 90 100 110 120 130 140 150 160 170 180 190 200 210 220 230 240 250 260 270 280 290 300 310 320 330 340 350 360 370 380 390 400 410 420 430 440 450 460 470 480 490 500 510 520 530 540 550 560 570 580 590 600 610 620 630 640 650 660 670 680 690 700 710 720 730 740 750 760 770 780 790 800 810 820 830 840 850 860 870 880 890 900 910 920 930 940 950 960 970 980 990 1000 1010 1020 1030 1040 1050 1060 1070 1080 1090 1100 1110 1120 1130 1140 1150 1160 1170 1180 1190 1200 1210 1220 1230 1240 1250 1260 1270 1280 1290 1300 1310 1320 1330 1340 1350 1360 1370 1380 1390 1400 1410 1420 1430 1440 1450 1460 1470 1480 1490 1500 1510 1520 1530 1540 1550 1560 1570 1580 1590 1600 1610 1620 1630 1640 1650 1660 1670 1680 1690 1700 1710 1720 1730 1740 1750 1760 1770 1780 1790 1800 1810 1820 1830 1840 1850 1860 1870 1880 1890 1900 1910 1920 1930 1940 1950 1960 1970 1980 1990 2000 2010 2020 2030 2040 2050 2060 2070 2080 2090 2100 2110 2120 2130 2140 2150 2160 2170 2180 2190 2200 2210 2220 2230 2240 2250 2260 2270 2280 2290 2300 2310 2320 2330 2340 2350 2360 2370 2380 2390 2400 2410 2420 2430 2440 2450 2460 2470 2480 2490 2500 2510 2520 2530 2540 2550 2560 2570 2580 2590 2600 2610 2620 2630 2640 2650 2660 2670 2680 2690 2700 2710 2720 2730 2740 2750 2760 2770 2780 2790 2800 2810 2820 2830 2840 2850 2860 2870 2880 2890 2900 2910 2920 2930 2940 2950 2960 2970 2980 2990 3000 3010 3020 3030 3040 3050 3060 3070 3080 3090 3100 3110 3120 3130 3140 3150 3160 3170 3180 3190 3200 3210 3220 3230 3240 3250 3260 3270 3280 3290 3300 3310 3320 3330 3340 3350 3360 3370 3380 3390 3400 3410 3420 3430 3440 3450 3460 3470 3480 3490 3500 3510 3520 3530 3540 3550 3560 3570 3580 3590 3600 3610 3620 3630 3640 3650 3660 3670 3680 3690 3700 3710 3720 3730 3740 3750 3760 3770 3780 3790 3800 3810 3820 3830 3840 3850 3860 3870 3880 3890 3900 3910 3920 3930 3940 3950 3960 3970 3980 3990 4000 4010 4020 4030 4040 4050 4060 4070 4080 4090 4100 4110 4120 4130 4140 4150 4160 4170 4180 4190 4200 4210 4220 4230 4240 4250 4260 4270 4280 4290 4300 4310 4320 4330 4340 4350 4360 4370 4380 4390 4400 4410 4420 4430 4440 4450 4460 4470 4480 4490 4500 4510 4520 4530 4540 4550 4560 4570 4580 4590 4600 4610 4620 4630 4640 4650 4660 4670 4680 4690 4700 4710 4720 4730 4740 4750 4760 4770 4780 4790 4800 4810 4820 4830 4840 4850 4860 4870 4880 4890 4900 4910 4920 4930 4940 4950 4960 4970 4980 4990 5000
1000
581489 520525 573795 844970 52379 452530 348172 11169 534575 356503 579909 943736 983707 921077 268099 698458 768685 165312 236033 633834 112712 866666 834074 887473 451931 70792 925696 139698 183453 26516 903157 354559 322381 993261 960938 264685 519057 169235 380527 872985 488920 971105 454931 990218 515835 643089 342195 167788 39097 807682 127490 125038 381075 446387 667598 189434 529816 739357 99901 57022 691680 456788 936779 27495 849616 955869 933065 985423 286705 242128 123349 333024 569805 911739 594708 144149 222674 597309 612167 113304 452337 107685 989095 627241 740137 732248 278866 455121 586011 167124 800901 242149 985084 58 539298 130467 208476 396197 561374 600991 426720 467330 600675 826823 181194 869954 676022 969873 259319 578828 963501 802338 306010 942577 854697 289844 620179 374185 471774 668423 116793 424095 417475 797853 295345 333686 525713 547437 239268 249602 862647 817443 844299 375448 237926 441634 827136 490113 600863 323595 300219 708207 718589 968543 203299 491104 676424 567248 56427 264465 399069 867403 682777 219674 275629 433647 543176 141142 684085 331685 298706 721599 563969 844470 987631 140737 801315 97659 529761 230954 486072 636975 294899 311093 259413 679357 543681 408334 774784 295571 192749 934378 955388 503077 846621 382505 32599 626637 676027 393329 729087 67190 792454 757821 947167 140244 106287 444089 641991 339505 200074 804522 79834 795222 606744 266615 34395 845472 671163 811961 274176 703469 889662 545830 198584 987376 894795 839408 455226 175909 201908 748611 495231 866283 279105 72698 484410 130230 105104 621936 280958 136660 786105 404036 821133 617858 871029 676318 102638 233491 791811 612370 245818 172344 309812 681486 940834 144389 856765 728035 975181 847261 404040 720069 112983 137168 354972 432399 344552 660311 734919 349779 573576 863521 788450 247294 21066 631833 292308 400541 146149 596999 280322 179301 530526 837742 943654 269935 228597 922376 942136 575417 138395 736850 449353 776676 568547 200426 131674 852607 136882 707860 725589 243580 265088 26144 669033 646598 710866 114877 444301 556963 440817 35299 498371 163370 290388 747504 376975 483368 364393 305299 505675 929851 710120 609800 469664 950995 579295 677868 32962 714231 956665 297438 196332 401462 682666 940999 519658 668795 378767 527606 509867 381415 985096 165803 67713 532220 772644 578257 281118 206519 191015 460979 489258 342234 651428 7038 147958 770887 120716 443637 51724 295404 793171 689671 783771 85533 743128 919987 86105 703644 503043 485022 990188 220526 552251 526708 707503 785813 886150 243820 702695 668544 694663 328594 687625 537743 665077 317380 511956 307596 607334 58585 709707 221294 705699 762706 565964 497051 746980 258045 323886 679956 329031 262816 345095 41011 146857 652742 561720 831289 565558 273728 362704 362041 158248 55792 366566 15967 651095 331388 787097 330455 205291 196420 980627 297228 845863 476109 556562 52526 167344 104523 824111 506855 669528 276201 412418 56367 432452 209753 713494 139613 140857 380946 13944 474301 377838 786590 435075 949865 259821 130923 359192 895570 640108 472076 343480 7287 771574 706144 624594 869661 846071 546355 433878 749608 657449 812522 463450 212312 133550 876227 121715 533237 712577 981939 428787 519275 415565 520705 474852 762569 231750 969401 46366 889383 732862 470661 880884 692085 671083 551045 856770 79513 281017 941767 845856 798413 122669 387654 658714 908360 561514 891060 378787 73667 343140 932708 831081 507634 638686 621684 498475 901741 783862 817573 828970 990262 843149 960878 287497 674338 426938 759192 864742 393434 524937 671653 269829 945584 117282 19420 261957 900459 550013 944390 972277 750220 745116 938049 449718 171717 790100 158975 198012 15387 841097 16341 282967 63387 112277 350447 170558 240508 249780 938083 541091 286854 817339 79616 162720 873548 884700 43496 262521 961265 943950 857773 376536 87060 548890 388126 585838 178303 113364 377696 265050 822247 13441 847444 850536 604750 532590 796135 563923 454172 466951 651250 789360 254579 820373 37850 709131 808967 148793 800313 909629 369408 279305 573254 3189 482797 953808 947865 254047 384591 460023 60789 152324 219144 352562 71120 618465 816797 128216 482142 84160 821773 758805 90017 240389 3010 793737 84113 939663 860721 169483 660166 489460 220174 922905 735408 207597 242410 493882 868826 428444 996451 651900 609110 82166 807814 685531 437891 795360 553665 788994 402599 547574 279174 863748 860263 932615 930636 663468 749639 740824 150491 254247 378584 777666 205423 162681 503200 20868 729069 760615 135028 288987 432587 712429 956093 874992 251115 715984 457076 418167 869553 713813 165385 404285 394847 466422 972798 599796 667900 123821 762974 283214 569360 274475 644528 154190 341770 123317 661609 699000 378575 85299 363609 517577 128624 608750 200941 131661 547460 147304 846454 482768 110392 636749 634491 418386 487706 755589 804369 591700 600134 429588 770839 459100 942010 510705 338147 974318 601184 335396 882976 645262 549557 249230 881150 181417 233091 643285 828986 997847 969234 433970 28448 534274 482432 779574 538899 384199 46489 320469 779316 170749 723672 957480 940195 604975 287122 241712 230237 595908 677207 715515 604594 458088 994816 657703 990910 824973 832830 483636 361986 544627 951876 732526 90414 481874 688447 547778 924222 315079 353324 984886 17218 647901 210706 785314 499672 213012 674685 296054 459099 447861 538900 87427 152795 506651 683225 585961 438988 314246 283120 526749 754667 358485 821985 95400 160751 197765 87095 566695 661197 576815 33629 620970 715628 520693 707257 229017 892314 842210 675185 783246 171734 164343 87853 270292 417987 158488 948617 793932 561217 335950 326388 819804 900356 761309 342998 690647 742867 358092 515880 195081 462056 252602 800052 407606 472289 82788 539547 761893 793916 45463 40296 434192 298887 176165 719395 213736 887191 47631 872022 113520 621558 146978 665073 217229 971986 84772 855124 824685 195922 894477 124170 107392 354760 16619 760180 107569 585302 243683 897748 871904 911852 624616 637809 539469 482705 201655 500258 210489 12206 319798 769199 924329 884696 369902 406232 802837 293844 30070 81154 896454 843346 779860 541211 874611 729784 791115 468412 388710 332962 426687 567886 209878 476393 156212 97417 301253 781006 880338 695576 131002 904748 171500 706064 705913 841186 234956 651302 381448 973546 815789 553858 898343 258683 416801 175621 910768 371076 790102 225804 137945 403994 701659 749498 77058 193190 259506 879480 844966 26899 314495 115692 731200 618024 716378 631824 261900 521169 356850 698016 704527 441872 944389 225985 52029 677226 62588 287165 227710 783881 329695 468247 649216 834879 910623 228307 657933 871552 8697 602212 243031 88209 560363 252730 517005 265985 791350 505949 541432 908671 181923 663739 548186 385241 57214 585853 836384 39351 472922 679180 430565 334746 457566 412746 65545 84548 180896 329586 839288 858941
1500
50 30 20 50 10 50 50 30 40 20 10 40 20 40 30 20 10 40 20 30 50 10 20 20 30 20 30 10 40 30 40 40 30 50 10 10 30 10 40 10 20 50 20 50 20 50 40 20 50 50 10 10 10 10 10 40 10 50 30 30 40 50 50 10 50 10 50 10 20 50 40 10 10 10 30 10 10 10 40 30 10 10 50 40 50 50 10 40 40 40 10 40 40 50 20 20 40 20 40 50 20 20 20 10 30 50 30 40 10 40 30 10 50 50 40 10 10 30 30 20 30 20 40 10 20 30 50 20 50 40 30 20 40 20 20 40 10 10 10 40 50 10 10 40 20 20 30 40 50 40 40 30 10 40 10 20 50 50 50 40 30 50 10 40 40 20 20 10 40 30 10 30 50 30 40 30 40 50 10 30 40 10 30 40 40 10 30 40 30 40 10 10 10 40 50 30 40 20 10 10 10 10 10 30 30 50 20 10 10 10 10 10 10 30 10 50 10 20 50 30 30 10 40 40 10 50 40 40 30 30 20 40 40 10 40 10 10 40 10 40 10 20 20 20 20 20 10 30 10 20 40 10 10 40 10 40 10 30 30 40 30 30 20 40 40 20 10 20 50 30 50 30 30 40 50 40 50 50 30 20 20 10 50 40 10 30 50 40 10 10 30 40 10 40 50 50 40 30 20 10 30 10 20 40 10 30 50 50 50 30 40 40 20 30 40 50 40 40 40 30 10 40 20 30 20 20 30 30 20 20 50 20 40 20 30 30 20 10 40 20 10 30 20 20 40 30 30 10 40 40 50 40 40 10 20 20 10 40 30 50 20 30 10 50 30 30 30 20 20 30 30 20 20 40 50 10 10 50 10 10 10 30 30 40 40 10 30 30 20 40 40 50 10 20 50 50 50 50 10 50 30 50 30 10 20 20 10 10 20 40 10 50 40 30 10 10 30 10 20 30 30 10 10 10 50 10 10 30 10 20 10 50 40 50 40 20 50 10 30 10 20 20 30 10 10 30 30 40 50 50 30 10 50 10 30 20 10 30 50 10 40 10 50 40 30 20 50 10 40 10 40 30 50 40 20 50 30 40 50 10 50 20 30 50 10 50 40 20 40 50 40 40 50 50 40 20 50 10 30 30 10 20 50 10 20 40 30 50 40 10 10 10 40 30 30 40 20 20 50 30 20 50 40 10 40 20 50 10 20 10 50 20 20 40 20 30 10 40 30 30 10 30 20 20 40 40 50 20 20 50 50 30 30 50 10 10 10 50 50 40 10 40 50 50 30 20 10 10 40 10 50 20 20 40 30 20 30 30 10 30 50 20 30 40 20 20 40 10 30 20 30 30 10 40 30 20 30 10 10 50 40 20 10 10 20 20 10 10 20 40 10 50 20 50 50 30 10 50 30 30 30 50 10 50 50 10 30 10 40 50 40 10 40 50 50 50 50 30 10 40 20 50 50 40 40 40 10 50 10 20 20 20 50 10 10 40 10 20 40 10 20 30 30 10 50 50 40 20 20 50 20 50 10 20 20 10 10 40 40 30 40 30 10 40 50 50 50 40 10 20 50 30 20 40 50 10 50 30 50 50 10 20 50 10 40 10 10 50 10 50 20 10 50 20 20 30 30 40 20 30 30 20 50 10 10 10 40 20 50 50 10 40 40 20 20 10 10 40 10 20 40 30 50 20 30 10 50 50 10 30 10 40 20 40 30 10 40 30 10 50 20 50 40 40 20 50 30 30 10 40 40 50 10 20 50 20 40 40 50 10 20 10 20 30 40 30 30 20 10 40 10 50 30 20 10 20 40 10 50 40 40 10 30 40 10 30 20 20 50 20 50 10 10 50 50 40 10 30 20 40 30 20 10 30 40 10 10 40 50 30 30 20 50 30 50 50 40 50 30 10 40 20 40 10 20 40 50 40 30 50 20 30 10 20 50 50 50 50 50 20 10 50 20 20 30 40 40 20 40 10 10 30 10 30 50 20 30 20 10 20 50 10 40 40 10 20 10 30 50 20 30 50 40 30 10 50 40 20 20 40 10 40 10 20 50 20 50 20 50 40 10 40 40 40 20 40 10 10 20 30 20 50 30 30 40 10 30 10 30 40 40 50 40 40 20 10 50 20 50 30 50 30 40 20 50 50 10 40 10 30 10 50 30 40 50 20 40 40 50 50 30 10 10 50 50 10 10 50 10 30 50 30 20 10 50 50 10 10 50 40 40 10 40 30 20 20 10 40 50 30 50 40 40 40 10 10 30 10 40 30 40 50 20 20 10 30 40 50 10 50 50 30 20 20 40 20 10 40 10 50 50 40 30 30 30 10 20 10 40 10 50 40 10 30 40 30 40 50 40 40 30 50 10 50 20 20 40 50 50 20 50 50 40 20 50 20 10 50 10 40 10 40 40 40 50 50 20 40 50 50 10 30 20 40 10 50 30 10 40 50 20 30 10 40 10 10 30 10 40 40 40 20 40 10 50 30 40 10 40 20 40 20 50 40 50 30 40 10 30 10 50 20 40 20 50 20 30 50 30 50 10 10 20 10 40 30 30 10 40 50 40 40 50 40 50 50 50 20 30 20 50 20 50 40 50 20 40 10 20 30 40 20 20 50 10 10 20 10 30 30 30 40 10 30 40 10 20 20 30 50 30 20 20 40 50 40 50 10 30 50 10 20 20 50 10 30 50 30 40 20 40 50 40 50 30 40 50 30 10 10 20 20 10 40 30 30 50 40 50 20 30 50 50 50 30 50 40 20 10 50 40 20 50 50 40 10 30 50 10 10 20 40 20 50 50 40 30 10 30 30 10 20 10 50 20 30 20 20 30 40 30 20 20 40 40 30 10 20 30 10 20 30 40 40 40 30 20 40 50 10 20 20 40 40 20 30 20 20 20 40 20 30 20 10 40 40 20 10 40 40 20 50 30 50 10 40 30 40 40 30 20 40 30 30 40 20 30 50 40 50 40 50 40 20 20 10 20 50 20 10 10 30 10 30 50 50 30 20 10 50 20 30 10 20 40 20 20 40 10 40 10 50 40 20 50 20 30 20 20 20 40 20 50 30 10 30 10 40 20 20 10 10 20 50 20 10 10 20 20 20 10 20 50 10 20 30 20 30 20 50 10 20 50 30 40 30 40 50 40 40 40 10 40 10 30 50 10 50 40 50 20 10 20 20 50 20 10 20 30 50 20 30 30 10 40 30 20 50 50 50 20 30 50 10 50 30 10 20 30 10 30 10 10 50 30 40 40 10 30 30 20 10 20 30 20 10 20 40 20 50 40 50 30 30 10 10 20 50 20 30 50 50 20 40 50 50 40 10 30 40 50 50 10 20 40 50 10 30 40 40 20 30 20 50 10 20 20 20 10 10 30 50 40 20 50 30 50 10 20 20
2000
37776 102755 994593 585232 326053 516543 346441 814410 151929 615747 101067 38965 440118 143781 240729 81070 106994 919065 885143 309815 692723 834797 875608 925568 888680 447574 134086 946731 429150 841503 552204 750897 934680 105082 378868 95279 59048 364374 961415 665003 13154 858347 547137 73834 714379 105574 988875 276144 144609 699773 820488 971297 555050 444045 858638 293001 266782 897065 987640 369286 840170 550130 121512 668339 915769 282030 142087 972849 564969 771248 741678 453455 857223 336443 326575 70759 650500 221825 525394 528169 308173 901560 232449 938696 534006 243459 968844 308685 325925 478300 921737 959971 231982 145995 202573 106944 801393 725709 661483 240971 255184 44639 990957 667247 141009 997146 933975 244591 988664 130669 152807 944841 146771 928553 389609 233814 308189 916649 50564 762628 608074 453211 857913 429831 508741 508415 322365 396719 135912 545416 379511 266747 370936 23873 402652 322582 185245 791257 226947 397716 56573 727328 805267 748690 84828 668659 562089 526397 637680 359911 219482 877909 41585 616835 542354 533035 313880 730214 838047 340442 91671 946149 754255 577360 338472 782163 692255 160075 134645 528205 507044 165066 146855 676387 738351 48638 356022 589366 933188 621731 244484 272769 295516 325907 371444 877435 63443 894697 63157 321051 639512 868219 585129 207584 517516 483512 47139 31116 675035 159122 373926 357620 342510 988390 251669 560699 900392 233318 178608 904616 422946 483021 463061 831402 722199 508053 59759 734155 72112 964664 683697 245947 778579 522915 547489 302051 259105 824753 876569 80349 133293 998810 258775 70895 667412 623410 733197 221415 523388 884428 184185 571537 149710 153782 52460 357085 987692 973533 984119 77993 971447 109304 231849 942432 104857 493189 365035 426663 664448 351458 769407 555940 745309 872969 42571 922228 605142 963986 833868 666512 649525 695813 870510 26871 120167 787433 776109 198678 351526 287003 543778 292298 4097 611730 605303 717607 701510 125934 335868 541987 875082 689839 599956 102784 526476 19126 577162 565896 19538 504490 498070 956089 192824 586996 583986 567781 663712 60374 960740 732777 777514 620506 738361 117378 334246 709668 317738 624812 686224 68336 640440 883673 490154 689463 419180 794119 248217 641949 612539 29767 544014 150369 99583 431758 32728 371266 810977 845257 434474 927750 935382 434926 159181 486149 194288 771841 119719 831460 937957 72331 3125 96335 169752 577647 419514 141715 275654 370212 329296 91467 383488 118883 363703 424513 881897 784370 257885 146349 363176 813358 887082 343776 137956 312319 282259 923973 243893 878955 202266 880653 141132 249332 675732 543546 931520 980685 18806 122973 581485 294301 501976 942397 171388 868132 135193 470760 309968 106936 214750 351428 685257 890249 331465 577166 428306 40111 824576 318612 123033 985278 305617 570136 717372 117804 561997 495835 745942 1563 794571 743657 207157 543840 418898 162229 810851 518001 769552 998539 741365 83488 75580 514602 898866 692680 860014 55410 668308 264609 158510 902212 501614 137047 55294 131311 359040 333129 108658 949992 989010 716497 546298 437371 1124 145687 359210 871968 624442 329741 649153 666071 917091 59895 174151 76469 649297 43345 179347 818816 236104 674617 534089 971179 265186 213542 25459 818921 861397 226594 823641 357291 781376 895210 897436 73155 934149 177779 365376 956345 89373 189129 421397 913365 275951 951444 164461 435705 777771 420394 303738 533066 842719 248001 25482 147405 178295 978235 472501 276245 958477 164302 33125 612370 848924 356252 13496 190773 558915 576301 275763 134118 958874 356066 550002 684360 824723 228501 391585 48966 606518 834041 660388 853991 98334 579968 676604 823725 687672 449221 914560 629791 494050 354120 731742 268865 277832 927632 922809 977614 492272 962945 587886 239460 462973 433772 843960 778292 588822 714085 795879 859029 267640 771273 18714 717402 661533 732046 881038 175235 48914 662670 875948 545028 405903 765102 854349 671188 191229 927129 530880 333497 402315 756341 496776 898385 352477 237962 777711 214469 598655 735361 673367 590188 757368 207985 846907 188278 826431 759005 875741 420407 395139 572046 231460 817371 789361 319455 954348 81538 978497 764117 747484 92941 677810 3744 29109 908791 408134 375707 106031 96220 790734 541940 425613 110413 314499 502667 155913 390511 918379 612813 436328 945109 999410 438989 478035 625194 163324 705418 678230 879111 53147 864041 225504 509435 738207 838479 959011 980705 202278 284867 748846 243788 249911 282880 695301 412858 287861 333729 339694 326619 762962 503549 126400 853691 579308 131949 994784 946377 339432 513221 352790 297297 957624 699523 746150 480222 72121 303426 375482 38297 581585 163556 591857 251466 83615 129454 925401 316926 515395 15860 238201 673424 590424 891840 320701 293222 704438 839674 901144 600830 460699 789885 619069 646065 410073 616888 51504 421828 374293 352846 644174 542331 875166 968114 939743 573500 920674 917818 756250 978836 664645 830479 904284 454376 679581 556335 992127 636078 135946 495345 936322 584041 221566 461058 850477 702244 865733 967524 408838 722810 463145 127104 67922 792806 696948 609952 823211 165631 523730 795734 831954 549764 949468 435699 202522 78460 435802 469316 921545 793467 712954 835689 342994 764292 794313 943146 751535 366847 219114 140604 729874 223429 846785 265951 909565 9469 911910 840809 282778 426602 500159 299797 28541 360439 574631 953487 514513 32576 204989 165356 607456 728703 879927 555441 510236 110647 212353 346238 67858 413514 850823 509845 15048 464780 339584 527410 727845 870196 216898 792380 794142 493966 55078 699198 405746 28988 180812 244544 256595 351045 712528 527430 707397 23614 590350 572386 175977 893937 846638 702289 229537 995044 893905 663289 19545 569563 223253 50745 835011 314835 746750 455438 798748 128596 422110 184516 940418 50696 493693 788496 969394 820975 265539 134917 117331 565533 634092 734246 495220 848358 586472 196255 583513 332606 256167 403937 820951 123290 930480 40418 908615 726800 177508 110975 876557 156263 675608 764258 236600 139405 412244 542771 81317 77499 532388 597550 669970 633676 36502 415356 103656 333974 568986 267534 260811 494083 242716 982116 120482 861828 480996 108240 65721 416282 514460 439576 175068 949972 483224 76915 473579 299970 641046 206372 997553 818201 358074 90325 932154 643720 561842 918278 801692 624564 576389 526642 287021 207773 996960 318409 351324 882331 342843 305875 226929 521809 313386 199391 692174 648493 594732 121828 230862 726944 584322 512644 337552 600241 47718 806671 765561 938830 378383 304229 592804 18379 617748 176984 21155 32070 228764 651396 987900 254562 177046 142224 265554 253488 394067 813992 81047 812086 909454 170054 973203 730145 426480 432710 259119 907786 259058 912047 461250 146876 614034 294260 766882 637249 579399 20194 923093 965794 60736 214078 505247 961169 819048 712338 58792 881572 457286 939414 36459 97139 388500 703921 359876 380215 650702 653075 184359 836693 429265 393419 202602 711662 887770 828611 288827 153495 908615 505286 230982 679006 718577 846757 379627 719671 144741 573874 538624 974701 901572 494329 701738 496807 761330 295130 525552 390888 554785 597760 73782 806023 70444 274278 812772 204784 946299 204275 180896 207909 476001 681528 623730 784904 611368 221800 350037 37954 100279 467934 403409 668399 594146 16910 239325 559603 116882 25620 430815 725323 764469 808724 512642 292349 837096 921898 940200 77095 777720 942937 324528 294468 903150 844478 820368 694372 920690 216221 228066 122577 732512 382423 124970 291129 502246 733054 893579 564944 385764 42408 194548 111301 295794 875809 982484 825104 4485 878677 733346 654517 962097 494791 846914 83145 988684 556290 256470 698397 732648 475109 676816 196772 844314 575637 172722 429755 13176 198337 613944 380536 903120 498331 946999 342508 151438 42814 403333 43485 386674 186532 720058 345654 900620 927914 735897 540817 504185 519886 820470 126361 146832 772857 760904 527091 735208 405540 28773 440586 451719 817440 649348 289735 561301 628323 555749 61703 169312 846832 407555 579633 176851 248198 648947 451740 607989 476402 257960 903013 959430 51961 727569 537778 894385 308453 277460 527981 195523 169929 340644 852326 650094 109096 469720 597999 700072 726994 298276 250471 699940 744690 792254 999911 495909 778716 739907 248564 142212 889387 286749 518803 309400 909750 551066 519604 649275 167918 859391 827779 388457 238789 203577 786238 337599 888370 677905 570900 32427 123919 735951 642358 672210 194405 290196 144605 911356 703193 393855 407900 890903 796650 754821 258145 685728 291751 743443 664708 415862 733348 576436 112289 578198 637580 545994 384631 680196 560886 770444 122950 697552 900196 264959 965325 530502 492859 5212 63613 187096 719018 300481 179664 424166 662152 838089 537317 314581 175981 954316 501289 595148 64901 31927 62210 635146 831647 746774 94501 922318 498993 63689 756166 202907 532180 259777 540657 702461 530866 318966 184260 888754 933059 686269 553764 459082 572470 224232 844164 708611 410451 804263 493587 822944 974459 436848 920588 704252 583016 861706 434748 556368 341804 427579 538060 203145 944671 993241 44011 331983 547882 284576 807097 346140 838669 947651 354771 141593 872881 112398 136533 439664 156795 925552 461834 723066 134213 919347 286084 683212 685897 370186 461721 776535 996944 479631 510172 120966 413392 504233 714522 285898 157793 740747 463218 728062 357318 614673 442320 157994 916743 47173 208581 693737 966908 10780 662869 496927 903846 346713 199885 685121 592291 584132 652199 267254 534570 515489 276725 201028 497635 274663 703351 927756 943971 639880 166309 10666 203103 901975 691114 109563 947669 5960 177528 402131 568782 807332 400670 666691 434960 796665 731751 723363 483096 167128 67150 694939 977850 971555 543085 444980 157266 499602 91265 226069 737015 685297 114070 505222 994974 694566 658740 477885 807712 326286 239863 785682 647509 100411 584604 834734 120888 801278 139202 519789 714678 37631 959576 194144 498991 20155 930192 410429 396392 808067 83813 37200 610474 709682 499043 171177 402298 465099 635254 575197 94926 768412 502083 288737 333995 339614 355608 500627 202518 67895 368655 954191 128688 715751 877246 66147 161077 684240 723246 58408 127096 731583 138676 314107 241619 95588 428260 947916 979540 64619 366725 426805 273497 12203 20703 845922 11688 805051 311039 235567 57370 785201 820230 694788 565356 618330 506067 838489 665036 917740 900706 784790 755795 804686 809673 7899 717653 527650 579231 538014 711226 652130 377081 107201 703773 810444 263463 741371 155136 12631 866403 765223 17919 350221 575871 108016 455403 553183 227175 719503 149863 424663 15491 570846 837267 291584 799460 691520 311241 268255 286162 942730 588224 62597 639003 470293 920646 203046 24002 423525 81426 247859 450007 798538 334695 611814 286085 587850 245948 669378 83256 318911 616174 121722 470255 172113 846631 153017 639941 575396 78423 466218 523147 727695 88148 37468 16504 799962 715985 455963 631848 524821 604707 414461 289397 642023 880160 658443 322705 5713 485791 960020 19260 723856 383705 134285 361527 590161 251274 446986 406867 577516 549358 232116 180120 603151 206864 819523 981727 479462 115307 125788 628191 570895 583230 275359 325871 578253 261767 459575 520057 851929 62088 746303 728279 252418 598808 258391 971025 323427 628640 510222 420080 103107 548518 245474 444335 173857 504853 274171 549933 150831 518557 158419 885045 288051 130060 957696 510718 215285 501269 701313 519253 266214 533535 639726 254568 120153 199789 881615 45143 854629 894346 433366 130416 145412 326541 216995 702489 996556 318398 237643 338881 454881 131432 400204 753785 250383 437519 525168 876428 298003 542113 115799 903450 999022 158133 461737 477811 421490 78473 303900 210400 340387 806936 679036 304137 664125 490436 783379 836479 465629 142233 936002 421487 414318 255987 767092 442898 873817 753714 205770 732570 341454 903593 7699 423427 206030 577946 100751 616349 61627 945293 970679 20566 924282 885848 732780 473647 49876 868661 709897 624993 523598 735317 546327 425457 451081 760369 318890 568278 154706 769560 446223 202373 466374 189495 452331 605103 451243 23363 995530 317548 351451 413758 996842 353519 398403 948405 379082 594992 552971 230598 168922 643160 947569 755842 404567 176450 532811 627523 498253 321075 154418 317712 677773 656085 138817 183810 689564 43948 89240 218436 995892 679253 265437 251741 123141 209362 147751 694534 760622 495837 852974 111724 131749 264635 233263 79196 156625 144005 903506 133595 619000 952032 371022 265520 894344 256557 897896 298190 79033 322958 337900 378143 677902 205560 192159 805351 128879 819293 188715 171902 339561 300485 834766 579879 34337 423067 631137 617672 279805 396417 820117 71814 590378 503759 407298 916386 650692 238655 655213 610212 941796 405224 111181 861026 933953 174447 634474 732849 104743 518598 842104 993272 382097 857497 404077 369855 25251 512253 547239 262794 119595 779250 843275 873539 708160 157002 179593 430336 899252 120895 930335 403137 809610 739512 239324 405879 326365 420179 236547 827296 351545 961507 133326 87163 566031 886923 697685 182168 398254 250091 495105 972615 964584 663554 782841 724032 870626 113313 694242 787553 221002 75633 973386 430378 523008 578524 102108 169760 428902 74944 867489 756362 953043 102739 653574 138716 74838 517655 173951 757312 939797 490783 697574 87444 855083 640616 626314 320850 804304 434228 710242 530697 737733 297919 335223 294744 484861 585572 499061 27687 615450 579549 854809 362543 131534 959760 817258 960981 168023 652208 292400 634486 462459 994630 190720 774557 744895 1740 210122 381121 151216 125308 606724 89506 870815 823612 625666 359178 535351 67056 520514 822031 855228 730417 244713 84773 514196 232094 193177 121866 595467 597532
