10
30 17
0 4 12
0 1 30
0 6 5
1 2 26
0 13 4
1 9 17
0 15 25
0 26 14
0 1 25
0 0 30
1 11 12
0 17 29
1 15 14
1 14 7
0 29 24
1 20 16
0 29 18
19 10
1 14 6
1 19 1
0 15 18
1 4 6
1 8 3
1 2 5
0 19 13
0 5 8
1 8 10
1 15 5
33 15
0 19 1
1 28 25
0 3 29
0 29 10
0 30 17
1 4 33
1 3 27
0 28 24
0 18 24
1 24 10
0 5 2
0 32 32
0 16 3
1 27 7
0 15 26
28 20
0 24 2
1 17 28
1 15 6
0 7 22
1 25 13
0 3 10
0 11 27
1 14 18
1 27 27
0 22 5
1 18 22
1 13 15
1 14 4
1 19 4
1 17 7
1 21 4
0 25 14
1 7 13
1 1 20
0 6 10
23 15
0 17 0
0 21 6
0 9 2
1 5 14
1 16 17
0 5 19
0 10 1
1 5 10
0 2 0
0 0 11
0 20 22
1 9 14
1 12 18
1 8 22
0 6 21
32 16
1 2 32
1 29 26
1 16 30
1 3 3
1 14 18
1 21 12
0 24 0
0 31 6
1 11 2
1 32 12
0 32 15
0 32 7
0 25 6
0 32 19
1 5 21
1 28 18
33 20
1 26 4
1 1 11
1 20 29
0 14 31
0 17 14
0 28 7
0 25 4
0 2 5
0 9 2
1 14 30
0 0 25
0 0 4
1 15 24
1 6 4
1 31 16
0 24 33
1 19 20
0 32 13
0 25 32
1 7 0
17 19
1 15 17
1 17 1
1 10 11
1 9 6
1 13 15
1 7 12
1 2 17
1 9 12
0 8 6
1 15 6
0 15 1
0 12 10
0 10 11
1 13 0
0 15 12
0 12 6
1 7 6
1 10 4
0 2 13
32 18
0 7 13
0 17 0
0 6 32
1 23 24
1 22 13
1 10 32
1 20 3
0 31 28
1 27 14
0 11 32
0 28 3
0 14 30
0 32 27
0 28 19
0 0 27
1 31 32
1 15 14
1 29 2
28 10
1 18 9
1 21 20
0 18 5
0 1 23
1 22 15
0 17 14
0 24 1
1 26 16
1 28 0
1 0 23
