#1
10 20 30 40 45 49
#2
2 4 6 8 10 12
2 4 6 8 10 14
2 4 6 8 12 14
2 4 6 10 12 14
2 4 8 10 12 14
2 6 8 10 12 14
4 6 8 10 12 14
#3
7 8 9 10 11 12
7 8 9 10 11 13
7 8 9 10 11 14
7 8 9 10 12 13
7 8 9 10 12 14
7 8 9 10 13 14
7 8 9 11 12 13
7 8 9 11 12 14
7 8 9 11 13 14
7 8 9 12 13 14
7 8 10 11 12 13
7 8 10 11 12 14
7 8 10 11 13 14
7 8 10 12 13 14
7 8 11 12 13 14
7 9 10 11 12 13
7 9 10 11 12 14
7 9 10 11 13 14
7 9 10 12 13 14
7 9 11 12 13 14
7 10 11 12 13 14
8 9 10 11 12 13
8 9 10 11 12 14
8 9 10 11 13 14
8 9 10 12 13 14
8 9 11 12 13 14
8 10 11 12 13 14
9 10 11 12 13 14
#4
1 3 5 7 9 11
1 3 5 7 9 13
1 3 5 7 11 13
1 3 5 9 11 13
1 3 7 9 11 13
1 5 7 9 11 13
3 5 7 9 11 13
#5
3 6 9 12 15 18
3 6 9 12 15 21
3 6 9 12 15 24
3 6 9 12 18 21
3 6 9 12 18 24
3 6 9 12 21 24
3 6 9 15 18 21
3 6 9 15 18 24
3 6 9 15 21 24
3 6 9 18 21 24
3 6 12 15 18 21
3 6 12 15 18 24
3 6 12 15 21 24
3 6 12 18 21 24
3 6 15 18 21 24
3 9 12 15 18 21
3 9 12 15 18 24
3 9 12 15 21 24
3 9 12 18 21 24
3 9 15 18 21 24
3 12 15 18 21 24
6 9 12 15 18 21
6 9 12 15 18 24
6 9 12 15 21 24
6 9 12 18 21 24
6 9 15 18 21 24
6 12 15 18 21 24
9 12 15 18 21 24
#6
1 2 3 4 5 6
#7
5 10 15 20 25 30
5 10 15 20 25 35
5 10 15 20 30 35
5 10 15 25 30 35
5 10 20 25 30 35
5 15 20 25 30 35
10 15 20 25 30 35
#8
1 4 7 10 13 16
1 4 7 10 13 19
1 4 7 10 13 22
1 4 7 10 16 19
1 4 7 10 16 22
1 4 7 10 19 22
1 4 7 13 16 19
1 4 7 13 16 22
1 4 7 13 19 22
1 4 7 16 19 22
1 4 10 13 16 19
1 4 10 13 16 22
1 4 10 13 19 22
1 4 10 16 19 22
1 4 13 16 19 22
1 7 10 13 16 19
1 7 10 13 16 22
1 7 10 13 19 22
1 7 10 16 19 22
1 7 13 16 19 22
1 10 13 16 19 22
4 7 10 13 16 19
4 7 10 13 16 22
4 7 10 13 19 22
4 7 10 16 19 22
4 7 13 16 19 22
4 10 13 16 19 22
7 10 13 16 19 22
#9
8 16 24 32 40 42
8 16 24 32 40 48
8 16 24 32 42 48
8 16 24 40 42 48
8 16 32 40 42 48
8 24 32 40 42 48
16 24 32 40 42 48
#10
1 2 3 4 5 6
1 2 3 4 5 7
1 2 3 4 5 8
1 2 3 4 5 9
1 2 3 4 6 7
1 2 3 4 6 8
1 2 3 4 6 9
1 2 3 4 7 8
1 2 3 4 7 9
1 2 3 4 8 9
1 2 3 5 6 7
1 2 3 5 6 8
1 2 3 5 6 9
1 2 3 5 7 8
1 2 3 5 7 9
1 2 3 5 8 9
1 2 3 6 7 8
1 2 3 6 7 9
1 2 3 6 8 9
1 2 3 7 8 9
1 2 4 5 6 7
1 2 4 5 6 8
1 2 4 5 6 9
1 2 4 5 7 8
1 2 4 5 7 9
1 2 4 5 8 9
1 2 4 6 7 8
1 2 4 6 7 9
1 2 4 6 8 9
1 2 4 7 8 9
1 2 5 6 7 8
1 2 5 6 7 9
1 2 5 6 8 9
1 2 5 7 8 9
1 2 6 7 8 9
1 3 4 5 6 7
1 3 4 5 6 8
1 3 4 5 6 9
1 3 4 5 7 8
1 3 4 5 7 9
1 3 4 5 8 9
1 3 4 6 7 8
1 3 4 6 7 9
1 3 4 6 8 9
1 3 4 7 8 9
1 3 5 6 7 8
1 3 5 6 7 9
1 3 5 6 8 9
1 3 5 7 8 9
1 3 6 7 8 9
1 4 5 6 7 8
1 4 5 6 7 9
1 4 5 6 8 9
1 4 5 7 8 9
1 4 6 7 8 9
1 5 6 7 8 9
2 3 4 5 6 7
2 3 4 5 6 8
2 3 4 5 6 9
2 3 4 5 7 8
2 3 4 5 7 9
2 3 4 5 8 9
2 3 4 6 7 8
2 3 4 6 7 9
2 3 4 6 8 9
2 3 4 7 8 9
2 3 5 6 7 8
2 3 5 6 7 9
2 3 5 6 8 9
2 3 5 7 8 9
2 3 6 7 8 9
2 4 5 6 7 8
2 4 5 6 7 9
2 4 5 6 8 9
2 4 5 7 8 9
2 4 6 7 8 9
2 5 6 7 8 9
3 4 5 6 7 8
3 4 5 6 7 9
3 4 5 6 8 9
3 4 5 7 8 9
3 4 6 7 8 9
3 5 6 7 8 9
4 5 6 7 8 9
