10
6 12
000001110000
001000011010
010010010101
110101000110
000010100000
110011000000
14 13
0100100101100
0011100010001
0100011011001
1111101101001
0000100011000
0000010101100
0100010011000
0100110110000
0010010111000
0010010000100
0110110101100
1001110101111
0010100001010
0010000000010
14 13
0101111100010
0100001010111
1100011110010
1111100000001
1011000110100
0000001000100
0000010101101
0011101000000
1100101100000
0110111010110
1110010000010
1000100110000
0100011100001
1001101010010
8 10
0100010111
1001000010
1011001111
1100001000
0001000100
1101100000
1001010001
0100110100
9 9
000101101
000111010
101000010
001111010
101001000
010000010
010111010
111011001
100100110
10 7
0000111
1011101
1100000
0010101
1101010
0100101
0010100
0111010
0011000
0101010
5 10
0110000001
0001001101
1101100010
0101110000
1000100010
6 8
01011000
10011010
00001100
00001000
10001110
00010110
10 15
001011010001011
110001110000010
000100100000001
000000000010010
001001010000101
111011000011000
010011110110110
000010011111100
100100010110011
011000100000000
4 14
01001101101110
00011011110110
00010101000001
11010000101000
