1
1111111111111111
1200000010000011
1111111011111011
1000001000001011
1011111111101011
1000100000101011
1010101010101011
1010001010101011
1011111011101011
1000101000100011
1110101110111011
1000100010000011
1011111011111111
1000000000000311
1111111111111111
1111111111111111
2
1111111111111111
1200100000000011
1110111010111111
1010000010000011
1011111010111011
1000000010100011
1011111010101111
1000101000100011
1110101011111011
1010101010001011
1010101010101011
1000100010101011
1011111110101011
1000000000100311
1111111111111111
1111111111111111
3
1111111111111111
1210000010000011
1010111011101011
1010001000001011
1011101111111011
1000001000001011
1111111110101011
1000001000101011
1110101010111011
1000101010100011
1011101010111111
1000100010131011
1010111111111011
1010000000000011
1111111111111111
1111111111111111
4
1111111111111111
1200000000000001
1111111111111101
1000000000000001
1011111111111111
1000000000000001
1111111111111101
1000000000000001
1011111111111111
1000000000000001
1111111111111101
1000000000000001
1011111111111111
1000000000000031
1111111111111111
1111111111111111
5
1111111111111111
1000011111000001
1020011111000001
1000000000000001
1000011111000001
1110111111000001
1110111111110111
1110111111110111
1110111111110111
1000001111110111
1000001111000001
1000001111000001
1000000000003001
1000001111000001
1000001111000001
1111111111111111
6
1111111111111111
1210000010000011
1110111110111011
1010001000100011
1011101011101111
1000100000100011
1110111110111011
1010000010001011
1011111011111011
1000001000100011
1011111110101111
1000000000100011
1011111111111011
1000000000000311
1111111111111111
1111111111111111
7
1111111111111111
1213100000000011
1010101011111011
1000101000100011
1011111010101111
1000001010100011
1111101010111011
1000101010001011
1110101111101011
1000100000001011
1011111111111011
1000100000001011
1010101110111011
1010000010000011
1111111111111111
1111111111111111
8
1111111111111111
1000100010000211
1110111010101011
1010001000101011
1011101110101011
1000100010101011
1010111011101011
1010001000101011
1110111110101011
1000100010101011
1011101010101011
1010001000101011
1010111111101011
1300000000001011
1111111111111111
1111111111111111
9
1111111111111111
1200100000001011
1110101011101011
1010101010101011
1010111010101011
1000100010100011
1011101110111011
1000101000001011
1111111111111111
1010001000001011
1011111011111011
1000100010000011
1010101010111111
1010001000000311
1111111111111111
1111111111111111
10
1111111111111111
1200001000100011
1111101010101111
1000100010100011
1011111110111011
1010000010001011
1010101011101011
1000101000100011
1011101111111011
1000100010001011
1110111010101011
1000101010101011
1011101010101011
1000001000100311
1111111111111111
1111111111111111
