10
6
0 30 30 12 26 23
28 0 33 8 35 8
6 30 0 17 4 14
22 15 20 0 14 12
10 13 23 24 0 27
14 26 30 36 18 0
10
0 11 8 12 1 39 26 10 37 11
13 0 11 2 16 29 25 9 40 36
4 39 0 16 40 33 19 38 22 34
22 35 24 0 31 26 4 7 20 28
17 16 28 33 0 32 38 17 10 4
38 21 11 4 18 0 8 4 39 15
20 34 40 14 37 23 0 22 30 1
8 31 13 34 8 39 14 0 3 25
7 26 10 40 31 35 3 29 0 11
4 31 4 13 16 11 7 3 9 0
6
0 6 8 17 5 26
3 0 35 28 31 29
22 30 0 34 13 39
38 17 27 0 10 14
27 5 39 18 0 26
17 7 13 15 4 0
10
0 18 1 18 20 3 2 36 19 15
26 0 1 6 15 20 2 6 38 23
21 29 0 3 12 6 2 40 23 36
10 11 1 0 1 21 33 26 12 25
25 29 13 14 0 11 39 37 36 18
5 30 9 28 38 0 38 33 8 20
9 8 38 40 15 4 0 26 30 28
23 6 5 3 29 27 2 0 37 10
31 7 6 19 7 36 37 10 0 9
36 38 10 11 23 37 25 7 32 0
8
0 8 31 19 15 23 15 3
1 0 15 33 8 36 6 9
31 4 0 31 23 33 31 14
32 4 33 0 38 17 2 39
34 34 7 12 0 3 38 15
30 1 8 15 24 0 21 8
20 7 20 20 29 40 0 13
21 6 11 22 39 40 10 0
6
0 28 6 6 21 39
14 0 21 18 10 8
29 2 0 14 34 11
31 39 3 0 35 29
23 1 6 32 0 4
28 25 10 13 28 0
6
0 14 18 17 14 19
26 0 26 17 22 2
18 16 0 34 12 4
27 6 23 0 8 11
40 31 24 14 0 34
16 26 2 30 22 0
4
0 17 32 39
4 0 5 23
3 17 0 38
30 37 40 0
8
0 35 26 24 21 11 9 12
22 0 32 26 40 27 16 32
7 34 0 14 12 5 16 6
2 40 18 0 31 15 22 27
3 39 18 31 0 23 22 5
33 19 40 11 24 0 20 15
26 28 3 1 18 6 0 35
7 18 28 31 35 18 36 0
4
0 32 20 12
6 0 6 32
40 14 0 34
6 22 40 0
