10
45
64 295 261 231 240 267 276 120 56 290 243 53 269 111 180 219 46 207 73 13 246 60 167 128 114 109 160 52 241 29 50 175 100 234 105 288 99 122 198 189 72 236 124 152 208
267
47
232 3 127 111 120 261 153 129 218 181 154 68 104 34 126 51 185 8 132 74 122 30 237 165 107 289 155 93 233 247 67 203 228 91 5 188 70 25 182 145 138 113 44 109 174 241 204
337
25
133 251 38 82 273 215 285 85 286 160 202 200 197 129 158 106 63 50 65 157 40 124 29 19 16
304
25
70 15 142 9 125 45 261 131 83 253 119 1 249 232 30 168 256 230 171 156 54 187 208 105 147
280
19
242 113 46 95 29 184 246 213 54 18 74 299 12 87 298 70 149 11 209
308
19
37 20 199 209 251 135 265 146 242 212 95 58 23 56 41 193 45 181 40
94
35
123 95 171 82 114 175 201 49 178 190 294 242 105 122 236 266 81 156 219 72 140 23 172 194 2 295 57 297 235 76 78 51 28 210 108
282
21
233 270 248 26 247 90 208 52 167 135 84 256 173 66 63 181 111 134 36 261 40
318
33
205 24 49 39 286 245 189 284 214 98 242 129 128 237 99 269 81 131 228 192 206 236 263 144 204 259 109 9 165 16 217 100 201
308
31
175 143 51 63 144 9 276 139 185 109 290 59 31 7 264 147 140 69 260 170 159 141 142 20 34 105 279 112 83 265 193
164
