10
16
1 2 55
2 3 17
2 4 46
1 5 73
2 6 60
1 7 93
7 8 100
6 9 10
1 10 59
5 11 52
1 12 92
12 13 99
8 14 34
14 15 79
3 16 61
6 7 39
9
1 2 79
1 3 98
2 4 79
1 5 76
2 6 59
2 7 50
4 8 32
5 9 77
2 3 10
19
1 2 77
2 3 94
3 4 81
1 5 79
1 6 78
2 7 51
3 8 37
5 9 15
2 10 87
1 11 69
7 12 98
8 13 55
7 14 14
7 15 97
5 16 53
9 17 36
1 18 52
1 19 50
4 14 32
18
1 2 79
1 3 88
1 4 65
4 5 38
4 6 38
6 7 72
6 8 66
5 9 61
8 10 71
7 11 92
7 12 58
1 13 67
10 14 14
3 15 95
14 16 16
5 17 83
9 18 73
18 12 28
9
1 2 70
2 3 90
1 4 52
2 5 95
3 6 51
5 7 99
5 8 39
4 9 10
6 8 57
7
1 2 95
1 3 17
3 4 30
3 5 88
1 6 60
1 7 47
1 2 6
12
1 2 52
2 3 94
1 4 100
2 5 77
1 6 22
4 7 27
2 8 69
8 9 99
4 10 25
9 11 10
2 12 77
7 10 71
8
1 2 33
2 3 63
3 4 17
2 5 50
4 6 55
1 7 13
4 8 36
4 3 63
9
1 2 49
2 3 32
2 4 23
4 5 44
1 6 100
6 7 23
3 8 18
2 9 98
3 6 7
10
1 2 71
1 3 69
3 4 81
1 5 48
2 6 91
3 7 58
2 8 74
7 9 74
2 10 77
8 5 17
