10
8 14
0 1 0 0 1 1 0 1 0 1 1 0 0 0
1 1 1 1 0 0 0 1 0 1 0 0 1 0
0 0 1 1 0 0 1 0 1 0 0 1 1 0
0 0 1 0 1 0 1 1 0 0 0 1 1 0
0 0 1 1 0 0 0 0 1 1 1 0 1 0
1 0 0 1 0 1 1 1 0 0 1 1 1 0
1 1 1 1 0 1 1 1 0 0 0 1 1 0
1 0 0 0 1 0 0 0 0 1 0 0 0 0
11 9
1 0 0 0 0 0 1 0 0
0 0 1 0 0 1 0 1 0
1 0 1 0 0 0 1 0 0
0 0 1 1 0 0 0 0 1
1 0 0 0 1 1 1 0 0
0 1 1 1 0 1 1 0 1
1 1 0 1 0 1 0 1 1
1 1 1 1 1 0 1 0 0
1 0 0 0 1 0 1 0 0
0 0 0 0 0 1 0 0 1
0 0 0 1 1 1 0 1 0
12 15
0 1 0 1 1 0 1 1 1 1 1 0 0 0 1
0 1 0 1 0 1 0 1 0 1 0 0 1 1 1
1 0 0 1 0 0 0 1 0 0 1 0 0 0 1
1 1 1 0 0 0 1 0 1 1 1 1 1 0 1
0 1 1 0 0 0 1 1 1 0 0 1 1 0 0
1 0 0 1 1 1 1 0 0 0 1 1 1 1 1
1 0 1 1 0 0 1 1 1 0 1 0 0 1 1
1 0 1 1 1 1 0 1 1 0 0 1 0 1 0
1 1 0 1 1 1 0 0 1 1 1 0 1 1 1
0 0 1 1 1 1 0 1 0 0 0 1 0 0 0
0 1 1 1 0 1 1 0 0 0 1 1 0 0 1
1 0 0 0 1 1 0 0 0 1 1 0 1 0 1
12 11
1 1 0 0 0 1 1 0 1 0 1
1 0 1 1 1 0 0 1 1 1 0
1 1 0 0 0 1 0 1 0 1 0
1 0 0 1 0 0 1 0 1 1 1
0 0 0 1 0 0 1 1 1 0 0
1 0 0 0 1 0 1 0 0 1 1
0 0 0 0 1 1 1 1 1 1 1
1 1 1 0 1 1 0 1 1 1 1
1 1 1 1 1 0 1 1 0 1 0
1 0 0 1 0 1 0 1 1 1 1
0 1 1 0 1 0 0 1 1 1 1
1 1 1 0 0 1 0 0 1 1 1
11 9
0 1 1 1 1 1 1 0 1
1 1 0 1 1 1 0 1 0
0 0 0 0 0 0 1 0 0
1 1 1 0 1 0 0 0 0
0 1 1 1 0 1 1 1 0
0 0 0 1 1 1 0 0 0
1 1 0 0 0 0 1 1 0
0 1 1 0 1 0 0 1 1
0 1 0 0 1 1 1 0 1
0 0 1 0 0 0 1 1 1
1 0 0 0 1 0 1 1 0
9 10
1 0 0 1 1 1 1 0 0 0
0 0 1 0 0 1 1 0 1 1
1 1 0 0 0 0 1 0 1 1
0 1 0 0 1 1 1 1 0 0
1 0 0 1 0 1 1 1 0 0
1 1 1 0 1 0 0 0 1 0
0 1 1 0 0 0 1 1 0 1
1 0 0 1 0 1 1 0 0 0
1 0 1 0 1 1 1 1 1 1
14 11
1 0 0 1 1 0 0 1 0 0 0
1 1 0 0 1 0 0 0 0 1 1
1 1 1 1 1 1 0 0 1 0 1
1 0 0 0 1 0 0 0 1 0 0
1 1 0 0 1 0 0 0 1 1 0
1 0 0 1 0 1 1 1 0 0 1
0 0 1 1 1 1 0 1 1 1 0
1 1 0 1 0 1 1 0 0 0 1
0 0 0 0 1 0 1 0 0 1 1
1 0 0 1 0 0 0 1 1 0 0
1 1 1 1 1 1 1 0 1 1 1
1 0 1 1 1 1 1 1 1 1 0
0 1 1 1 0 0 1 1 1 1 1
1 0 0 1 0 0 1 0 1 0 1
7 8
1 0 0 0 0 0 1 1
0 1 1 1 1 0 1 0
0 1 0 0 0 1 1 0
1 0 1 1 1 0 1 0
1 1 1 0 0 1 1 0
0 0 0 0 1 0 0 0
0 0 0 1 0 1 0 0
8 11
0 1 1 1 1 1 0 0 1 0 1
0 1 1 1 1 1 0 1 1 0 1
0 0 1 1 0 0 0 0 0 0 1
1 0 1 0 1 1 1 0 0 1 1
0 0 1 0 1 1 1 0 1 0 1
1 1 1 1 1 0 0 0 1 1 0
0 0 1 0 0 1 1 1 1 1 1
0 1 1 0 1 1 0 0 0 0 1
8 8
0 0 0 1 0 0 0 0
0 0 0 0 1 0 1 1
0 1 1 0 0 1 0 0
1 1 0 0 0 0 0 0
1 0 1 0 1 0 0 1
1 1 0 1 0 1 0 1
1 0 0 0 0 0 1 0
1 0 1 1 1 0 1 0
