10
4 4 0
1 2 1
2 3 2
3 4 3
4 1 4
4 4 2
1 2 1
2 3 2
3 4 3
4 1 4
1 2
3 4
5 6 1
1 2 10
2 3 15
3 4 20
4 5 25
1 5 30
2 4 5
1 5
6 8 1
1 2 4
1 3 2
2 3 1
2 4 5
3 5 7
4 5 3
4 6 6
5 6 8
2 3
5 6 2
1 2 100
2 3 100
3 4 100
4 5 100
1 3 50
2 4 50
1 2
4 5
7 7 2
1 2 10
2 3 20
3 4 30
4 5 40
5 6 50
6 7 60
1 7 100
1 2
3 4
3 3 0
1 2 5
2 3 10
1 3 15
8 8 2
1 2 4
2 3 7
3 4 3
4 5 6
5 6 2
6 7 5
7 8 1
1 8 20
2 3
4 5
6 6 3
1 2 12
2 3 18
3 4 25
4 5 14
5 6 22
1 6 30
1 2
2 3
3 4
10 9 3
1 2 5
2 3 10
3 4 15
4 5 20
5 6 25
6 7 30
7 8 35
8 9 40
9 10 45
1 2
3 4
5 6
