10
13 18
1 2 73
2 3 164
2 4 444
1 5 361
4 6 199
3 7 229
5 8 437
5 9 285
1 10 232
1 11 390
7 12 192
8 13 189
11 12 33
7 8 441
11 3 144
3 2 351
5 8 363
5 2 425
10 19
1 2 413
2 3 30
3 4 406
1 5 151
2 6 30
4 7 182
2 8 145
3 9 35
3 10 360
10 4 463
8 1 375
4 9 466
9 2 338
10 10 154
1 3 345
9 3 115
4 1 221
10 10 328
3 4 96
15 17
1 2 257
1 3 269
3 4 226
2 5 487
3 6 197
6 7 222
2 8 271
3 9 329
6 10 492
7 11 461
3 12 248
3 13 291
13 14 179
6 15 162
11 6 183
4 10 341
1 9 114
7 15
1 2 337
1 3 75
2 4 263
4 5 118
1 6 234
4 7 381
1 1 79
7 7 327
2 3 135
4 1 36
1 6 59
7 1 238
6 7 50
5 4 147
1 3 474
13 22
1 2 469
2 3 236
1 4 101
4 5 405
3 6 224
3 7 24
5 8 297
2 9 494
2 10 489
9 11 137
9 12 133
5 13 272
8 13 498
6 13 251
13 2 244
2 5 136
1 1 390
12 12 139
9 2 121
12 3 296
13 7 138
4 12 486
11 16
1 2 78
2 3 467
2 4 281
2 5 75
3 6 368
6 7 250
5 8 118
7 9 399
9 10 264
6 11 343
11 1 318
4 3 228
5 11 481
3 3 170
2 10 64
4 8 267
13 21
1 2 406
2 3 18
3 4 466
4 5 337
4 6 30
4 7 480
7 8 51
8 9 420
2 10 332
10 11 245
7 12 452
7 13 361
13 4 288
12 8 82
8 9 195
3 2 460
13 12 64
7 12 86
5 8 261
8 7 44
6 9 139
5 7
1 2 495
1 3 375
1 4 347
2 5 245
4 4 410
2 3 115
5 3 207
15 21
1 2 21
2 3 359
1 4 140
2 5 205
3 6 404
1 7 123
5 8 98
6 9 29
2 10 173
9 11 476
2 12 52
10 13 212
10 14 121
7 15 432
11 7 113
2 9 192
10 12 478
15 2 429
6 7 303
2 10 50
13 4 169
7 15
1 2 416
1 3 139
1 4 158
4 5 101
1 6 301
6 7 406
5 7 216
7 2 163
7 7 232
1 5 86
1 4 305
7 6 396
5 1 129
4 3 405
5 3 485
