10
17 13
2 14 68 76 79 80 92 117 119 159 175 181 182 183 185 196 198
15 48 50 60 109 136 146 151 154 155 158 183 197
16 6
8 12 24 34 37 50 56 84 91 94 102 110 111 127 154 197
13 42 75 86 113 123
21 17
21 28 35 52 58 59 80 89 93 94 103 104 119 141 148 149 153 174 178 183 191
22 37 39 47 53 57 71 90 91 107 111 125 131 132 143 160 171
11 21
4 15 23 46 51 54 82 108 125 167 178
2 7 20 53 77 81 84 86 92 98 107 115 124 125 126 128 135 137 157 176 194
6 24
24 45 61 77 174 183
18 25 35 40 55 73 89 97 99 100 108 115 134 137 140 143 150 155 159 166 167 171 184 197
20 10
33 47 53 57 59 63 65 81 119 124 139 141 144 147 150 160 189 190 191 195
21 61 92 93 107 111 140 144 161 184
18 16
4 52 53 67 77 90 99 109 114 119 120 121 133 141 161 172 180 194
8 10 14 16 24 48 57 58 76 83 107 118 152 161 166 187
20 24
2 6 19 27 46 47 54 67 81 112 115 121 123 127 143 149 152 156 169 174
4 10 16 26 30 41 59 79 96 98 106 112 132 134 136 137 141 152 157 165 179 180 185 186
14 6
1 2 7 18 23 25 34 46 85 87 103 122 173 181
26 51 121 134 154 171
6 19
62 78 98 125 149 192
17 30 64 70 74 79 84 105 106 128 130 133 134 148 150 159 162 183 185
