#1 2 14 15 48 50 60 68 76 79 80 92 109 117 119 136 146 151 154 155 158 159 175 181 182 183 183 185 196 197 198
#2 8 12 13 24 34 37 42 50 56 75 84 86 91 94 102 110 111 113 123 127 154 197
#3 21 22 28 35 37 39 47 52 53 57 58 59 71 80 89 90 91 93 94 103 104 107 111 119 125 131 132 141 143 148 149 153 160 171 174 178 183 191
#4 2 4 7 15 20 23 46 51 53 54 77 81 82 84 86 92 98 107 108 115 124 125 125 126 128 135 137 157 167 176 178 194
#5 18 24 25 35 40 45 55 61 73 77 89 97 99 100 108 115 134 137 140 143 150 155 159 166 167 171 174 183 184 197
#6 21 33 47 53 57 59 61 63 65 81 92 93 107 111 119 124 139 140 141 144 144 147 150 160 161 184 189 190 191 195
#7 4 8 10 14 16 24 48 52 53 57 58 67 76 77 83 90 99 107 109 114 118 119 120 121 133 141 152 161 161 166 172 180 187 194
#8 2 4 6 10 16 19 26 27 30 41 46 47 54 59 67 79 81 96 98 106 112 112 115 121 123 127 132 134 136 137 141 143 149 152 152 156 157 165 169 174 179 180 185 186
#9 1 2 7 18 23 25 26 34 46 51 85 87 103 121 122 134 154 171 173 181
#10 17 30 62 64 70 74 78 79 84 98 105 106 125 128 130 133 134 148 149 150 159 162 183 185 192
