10
6 6
0 0 0 0 0 0
0 1 1 1 1 0
0 1 1 1 1 0
0 1 1 1 1 0
0 1 1 1 1 0
0 0 0 0 0 0
5 5
0 0 0 0 0
0 1 1 1 0
0 1 1 1 0
0 1 1 1 0
0 0 0 0 0
7 7
0 0 0 0 0 0 0
0 1 1 1 1 1 0
0 1 0 0 0 1 0
0 1 0 1 0 1 0
0 1 0 0 0 1 0
0 1 1 1 1 1 0
0 0 0 0 0 0 0
5 6
0 0 0 0 0 0
0 1 0 0 1 0
0 1 1 1 1 0
0 1 0 0 1 0
0 0 0 0 0 0
7 5
0 0 0 0 0
0 1 1 1 0
0 1 1 1 0
0 1 1 1 0
0 1 1 1 0
0 1 1 1 0
0 0 0 0 0
5 5
0 0 0 0 0
0 1 0 1 0
0 0 1 0 0
0 1 0 1 0
0 0 0 0 0
6 7
0 0 0 0 0 0 0
0 1 1 0 1 1 0
0 1 1 0 1 1 0
0 1 1 0 1 1 0
0 1 1 0 1 1 0
0 0 0 0 0 0 0
5 5
0 0 0 0 0
0 0 1 0 0
0 1 1 1 0
0 0 1 0 0
0 0 0 0 0
6 6
0 0 0 0 0 0
0 1 1 1 0 0
0 1 1 1 0 0
0 0 1 1 1 0
0 0 1 1 1 0
0 0 0 0 0 0
7 6
0 0 0 0 0 0
0 1 1 1 1 0
0 1 0 0 1 0
0 1 1 1 1 0
0 1 0 0 1 0
0 1 1 1 1 0
0 0 0 0 0 0
