10
30
-498 -466 -444 -332 -302 -272 -254 -234 -221 -210 -180 -130 -122 -65 -2 66 129 176 205 258 302 323 332 339 393 394 415 428 444 455
39
-498 -492 -443 -442 -416 -402 -399 -391 -362 -361 -330 -297 -294 -292 -276 -271 -163 -146 -129 -69 -64 -62 -16 -11 87 95 140 154 182 201 229 230 264 324 335 398 444 447 461
33
-470 -398 -384 -377 -372 -365 -350 -339 -288 -277 -173 -142 -84 -67 -55 -3 24 46 74 85 96 160 179 184 212 237 297 319 332 377 378 426 457
35
-420 -417 -408 -402 -367 -319 -268 -256 -235 -233 -231 -207 -185 -164 -132 -96 -89 -52 -23 61 69 104 117 119 171 181 209 236 278 290 343 363 391 399 469
27
-495 -486 -367 -351 -315 -301 -241 -226 -221 -192 -146 -135 -133 -38 -25 28 113 115 271 322 324 339 344 399 419 421 463
23
-485 -479 -466 -395 -353 -338 -337 -293 -290 -181 -145 -144 -138 86 152 178 271 290 291 380 425 465 479
26
-458 -421 -400 -353 -343 -285 -269 -253 -207 -99 -83 -71 -7 19 52 103 145 149 263 265 338 347 367 397 422 453
14
-427 -420 -387 -369 -332 -222 -184 61 121 191 207 317 422 437
22
-484 -477 -445 -332 -326 -258 -173 -117 -107 -63 28 41 42 82 110 161 184 224 230 248 275 357
33
-474 -416 -401 -354 -324 -322 -278 -127 -115 -104 -22 -18 3 8 14 25 33 131 141 143 162 189 245 258 274 283 298 307 316 320 435 497 499
