10
10 29
228 981 1233 1029 1268 803 627 1149 891 903
5 5
1728 957 1448 148 309
9 27
1722 1086 1582 1219 118 1978 1770 1940 746
11 33
571 586 1171 1152 835 1005 595 168 1248 866 1567
14 37
800 1242 1277 1660 501 588 1715 1821 1593 1973 172 357 783 300
14 27
885 1141 1206 1764 617 298 1428 1885 1904 564 1998 1531 1831 785
12 27
1624 325 1683 953 1338 823 1482 1886 686 1900 1682 1758
13 46
1988 635 831 1190 1257 182 1091 739 1252 1696 909 632 1595
8 27
1341 333 1384 1823 524 877 1094 618
13 52
405 1009 131 448 1220 1384 1747 1659 269 252 644 1147 1764
