10
54 7
1 1 1 0 1 0 0 0 0 0 1 0 0 0 1 1 0 0 0 1 1 1 0 0 1 0 1 0 0 1 0 1 0 1 0 1 1 0 1 0 0 0 1 1 0 1 0 1 0 0 1 1 1 0
25 4
0 0 0 0 0 1 0 1 1 1 0 1 0 0 0 1 1 1 0 0 1 0 1 1 1
57 2
1 1 1 0 1 1 1 0 0 1 0 1 0 0 0 1 0 0 0 0 1 1 0 1 0 0 0 1 1 0 0 1 0 0 1 1 0 1 0 1 1 1 1 1 0 1 1 1 0 1 0 1 0 1 1 0 1
38 6
1 1 0 0 0 0 0 1 0 0 1 0 1 0 0 1 0 0 0 1 1 1 0 1 0 1 0 0 0 0 0 0 0 0 1 0 0 1
53 3
1 1 0 1 0 1 0 1 1 0 1 0 1 0 0 0 0 0 1 0 1 0 1 0 1 1 0 1 1 1 0 1 0 0 0 0 1 1 0 1 1 0 1 0 1 0 0 0 1 0 1 0 1
54 4
0 0 1 0 0 0 0 0 0 0 1 1 0 0 0 1 0 1 1 1 0 0 1 1 0 0 0 1 1 1 0 1 0 0 0 1 0 0 1 1 0 0 0 1 1 0 0 1 0 1 1 1 0 0
53 4
0 1 1 0 1 0 1 0 0 1 1 1 1 1 1 0 1 0 0 0 1 1 0 0 0 1 0 0 1 1 0 0 0 1 1 1 0 1 1 0 0 1 0 0 0 1 1 0 1 0 0 1 0
20 3
1 0 1 1 0 0 0 1 0 0 0 0 1 1 1 0 0 1 0 1
23 4
0 0 0 1 0 0 1 0 1 1 1 1 0 1 1 1 0 1 0 1 0 0 0
27 1
0 0 1 1 1 0 1 0 0 1 0 1 0 1 0 1 1 1 0 1 0 1 0 0 0 1 1
