10
22 5
99 92 39 94 67 21 24 35 52 68 38 14 67 67 33 80 38 23 60 57 38 30
25 7
91 45 42 48 72 17 97 2 40 3 66 37 58 42 8 52 34 96 43 73 51 70 100 58 82
18 5
94 57 86 69 20 38 56 12 100 22 75 83 90 75 20 1 72 31
20 6
97 54 77 78 66 53 7 24 69 20 5 65 98 27 77 62 1 3 28 73
12 8
82 11 100 72 69 80 67 67 63 93 2 28
23 4
87 14 58 45 27 65 64 5 9 14 72 29 95 20 68 37 77 12 84 94 20 55 41
27 4
58 65 42 49 64 48 46 47 73 82 40 87 21 49 1 93 8 24 50 33 72 12 98 33 64 60 74
17 4
23 41 52 36 31 41 35 30 58 31 10 67 17 59 89 82 88
14 7
1 60 49 99 80 41 40 54 34 38 68 28 50 92
14 3
73 77 33 2 4 54 63 58 36 82 20 5 77 45
