10
8 17
1 2 105
1 3 157
1 4 152
1 5 14
3 6 104
1 7 28
6 8 122
2 6 72
5 3 74
7 4 55
2 4 155
3 2 45
2 2 148
5 2 200
1 8 29
4 3 15
3 4 103
6 15
1 2 13
1 3 186
1 4 49
4 5 12
5 6 198
1 6 195
1 5 122
6 4 34
1 6 145
1 1 146
6 5 147
5 5 70
5 4 114
3 2 122
1 5 196
10 13
1 2 97
1 3 63
1 4 57
3 5 85
1 6 138
5 7 139
5 8 176
2 9 157
4 10 133
1 9 123
1 8 85
9 1 55
9 5 140
5 9
1 2 146
2 3 113
1 4 105
1 5 143
4 5 12
2 4 62
5 4 10
2 2 53
4 2 28
11 17
1 2 190
1 3 58
1 4 193
1 5 75
2 6 193
3 7 169
1 8 160
8 9 78
3 10 37
1 11 79
11 3 40
3 10 45
7 3 175
5 2 163
3 5 52
11 2 50
4 3 114
5 13
1 2 109
2 3 153
1 4 143
4 5 181
5 5 200
4 3 118
4 4 146
5 2 66
4 3 62
5 4 137
4 2 64
2 2 124
2 4 64
8 17
1 2 102
2 3 46
1 4 172
2 5 119
1 6 151
1 7 139
4 8 94
8 5 194
8 1 78
1 5 139
6 4 73
6 2 111
8 7 94
4 1 94
5 3 141
6 4 24
2 4 178
13 18
1 2 29
1 3 141
1 4 87
3 5 39
2 6 85
5 7 53
7 8 186
3 9 180
9 10 15
7 11 71
9 12 146
10 13 194
8 9 116
10 2 148
5 7 68
13 4 116
6 2 101
9 1 158
8 12
1 2 17
1 3 47
2 4 124
1 5 184
3 6 152
4 7 149
7 8 56
6 6 62
3 3 56
1 3 163
2 3 13
7 3 45
13 18
1 2 166
1 3 17
3 4 70
4 5 176
3 6 37
1 7 25
2 8 17
3 9 127
6 10 30
3 11 89
6 12 156
6 13 50
9 11 31
9 1 100
6 11 109
12 7 52
11 1 46
3 11 42
