10
9 13 4
4 9
2 5
6 9
6 2
6 1
5 7
2 8
9 2
4 5
3 9
2 5
1 5
7 7
11 12 13 8
11 15 2
6 4
10 11
8 10
10 5
1 5
2 5
6 1
11 10
5 8
10 1
1 9
2 1
5 8
4 11
7 5
13 9
15 20 2
14 15
15 3
7 5
5 7
14 4
10 4
14 6
4 11
6 4
2 1
5 5
11 11
6 4
4 9
15 7
13 5
3 7
9 4
15 10
10 6
7 12
9 8 2
1 3
9 1
1 8
4 6
5 4
9 6
1 6
7 6
3 5
15 19 5
3 7
4 12
7 11
5 15
6 11
13 15
8 3
12 3
5 7
14 5
11 4
10 12
8 5
12 11
3 2
5 2
9 8
2 14
10 6
4 9 3 17 8
19 20 2
1 4
6 8
5 7
4 12
1 15
10 6
1 14
18 4
12 8
14 14
19 10
18 1
9 6
17 2
8 13
4 6
3 14
3 11
2 7
16 5
11 7
8 8 5
5 7
1 4
8 4
7 4
2 8
7 8
2 6
5 2
5 4 6 2 1
20 24 4
17 1
15 9
10 4
18 3
5 1
11 20
6 4
14 1
18 10
5 6
7 6
4 7
15 18
16 4
20 12
14 18
16 5
16 6
8 9
16 2
18 15
14 1
20 2
7 12
11 10 17 15
14 15 5
3 6
1 6
12 11
5 3
11 5
9 12
10 8
9 2
12 10
9 5
9 9
13 4
11 6
2 6
2 7
13 7 11 14 15
5 7 2
1 4
1 2
3 2
5 4
1 1
1 3
3 1
5 6
