10
23 5
1 2 7 8 8 11 12 15 15 19 20 25 25 26 33 35 37 38 41 45 45 45 50
49 44 42 20 22
12 4
5 7 7 8 11 18 19 21 33 38 40 41
52 18 2 22
22 3
3 3 4 9 13 13 16 17 22 28 31 31 42 44 44 45 46 46 48 48 48 50
23 53 30
24 5
1 1 3 10 11 15 15 18 19 23 23 30 31 35 35 36 38 39 40 42 44 48 48 49
36 12 25 7 23
20 3
1 4 4 8 10 12 15 19 28 31 39 40 40 42 42 42 44 46 48 49
4 17 4
10 4
4 12 13 18 18 31 34 41 44 45
16 4 32 48
20 5
5 5 5 9 9 9 17 19 20 20 21 26 26 26 29 29 32 32 36 43
41 22 28 5 17
14 4
3 5 15 16 18 24 27 32 33 33 35 36 45 48
44 8 28 16
14 3
1 6 8 10 21 21 24 26 32 34 39 41 44 45
51 25 24
24 3
1 1 2 5 7 8 9 10 11 11 13 14 15 20 22 26 33 35 35 35 39 45 45 48
3 40 19
