10
3
0 2 9
1 0 6
15 3 0
4
0 10 15 20
10 0 35 25
15 35 0 30
20 25 30 0
5
0 12 10 19 8
12 0 3 7 2
10 3 0 6 20
19 7 6 0 4
8 2 20 4 0
4
0 5 0 10
10 0 5 0
0 10 0 5
5 0 10 0
6
0 4 7 10 13 16
4 0 10 13 16 19
7 10 0 16 19 22
10 13 16 0 22 25
13 16 19 22 0 28
16 19 22 25 28 0
5
0 14 4 10 20
14 0 7 8 7
4 5 0 7 16
11 7 9 0 2
18 7 17 4 0
8
0 8 15 2 9 16 3 10
4 0 18 5 12 19 6 13
7 14 0 8 15 2 9 16
10 17 4 0 18 5 12 19
13 20 7 14 0 8 15 2
16 3 10 17 4 0 18 5
19 6 13 20 7 14 0 8
2 9 16 3 10 17 4 0
10
0 12 23 34 45 6 17 28 39 50
6 0 28 39 50 11 22 33 44 5
11 22 0 44 5 16 27 38 49 10
16 27 38 0 10 21 32 43 4 15
21 32 43 4 0 26 37 48 9 20
26 37 48 9 20 0 42 3 14 25
31 42 3 14 25 36 0 8 19 30
36 47 8 19 30 41 2 0 24 35
41 2 13 24 35 46 7 18 0 40
46 7 18 29 40 1 12 23 34 0
12
0 2 5 10 17 26 7 20 5 22 11 2
2 0 2 5 10 17 26 7 20 5 22 11
5 2 0 2 5 10 17 26 7 20 5 22
10 5 2 0 2 5 10 17 26 7 20 5
17 10 5 2 0 2 5 10 17 26 7 20
26 17 10 5 2 0 2 5 10 17 26 7
7 26 17 10 5 2 0 2 5 10 17 26
20 7 26 17 10 5 2 0 2 5 10 17
5 20 7 26 17 10 5 2 0 2 5 10
22 5 20 7 26 17 10 5 2 0 2 5
11 22 5 20 7 26 17 10 5 2 0 2
2 11 22 5 20 7 26 17 10 5 2 0
14
0 18 35 12 29 6 23 40 17 34 11 28 5 22
14 0 8 25 2 19 36 13 30 7 24 1 18 35
27 4 0 38 15 32 9 26 3 20 37 14 31 8
40 17 34 0 28 5 22 39 16 33 10 27 4 21
13 30 7 24 0 18 35 12 29 6 23 40 17 34
26 3 20 37 14 0 8 25 2 19 36 13 30 7
39 16 33 10 27 4 0 38 15 32 9 26 3 20
12 29 6 23 40 17 34 0 28 5 22 39 16 33
25 2 19 36 13 30 7 24 0 18 35 12 29 6
38 15 32 9 26 3 20 37 14 0 8 25 2 19
11 28 5 22 39 16 33 10 27 4 0 38 15 32
24 1 18 35 12 29 6 23 40 17 34 0 28 5
37 14 31 8 25 2 19 36 13 30 7 24 0 18
10 27 4 21 38 15 32 9 26 3 20 37 14 0
