10
19 6
16 1
17 11
7 15
16 18
12 5
18 9
26 19
13 24
11 20
8 5
22 16
2 17
26 2
5 2
16 17
22 10
18 4
1 8
7 14
5 10
23 4
9 4
24 4
18 3
15 18
1 5
25 5
23 20
21 21
5 18
20 20
7 6
18 10
11 12
18 10
5 16
14 6
18 1
3 1
16 8
9 3
5 14
17 13
22 13
12 22
21 12
9 4
1 10
20 12
18 10
19 3
19 8
13 19
19 9
11 22
9 17
9 16
10 17
1 5
2 3
4 5
8 3
8 4
8 10
5 2
2 2
9 3
3 4
6 7
3 6
10 1
1 10
8 2
7 6
4 4
21 16
1 15
18 1
9 4
11 4
1 20
12 19
20 12
18 4
20 20
1 15
11 15
9 17
10 4
11 10
8 10
9 8
25 10
13 16
4 15
24 11
18 12
23 13
12 23
16 20
16 23
23 21
20 10
11 6
1 2
2 2
11 7
9 6
2 8
4 9
30 16
15 2
21 14
18 8
13 19
11 26
10 12
19 12
29 1
4 27
30 3
23 24
12 22
13 18
11 16
30 11
25 28
