1
1111111111111111
1200000000000001
1111111111111101
1000000000000041
1011111111111111
1000000000000001
1111111111111101
1000000000000001
1011111111111111
1000000000000001
1111111111111101
1000000000000001
1011111111111111
1000000000000031
1111111111111111
1111111111111111
2
1111111111111111
1200000000000001
1111111111111101
1000000000000041
1011111111111111
1000000000000001
1111111111111101
1000000000000001
1011111111111111
1000000000000001
1111111111111101
1000000000000001
1011111111111111
1000000000000131
1111111111111111
1111111111111111
3
1111111111111111
1200000000000001
1111111111111101
1000000000000031
1011111111111111
1000000000000001
1111111111111101
1000000000000001
1011111111111111
1000000000000001
1111111111111101
1000000000000001
1011111111111111
1000000000000041
1111111111111111
1111111111111111
4
1111111111111111
1200000000000001
1111111111111101
1000000000000001
1011111111111111
1000000000000001
1111111111111101
1400000000000001
1011111111111111
1000000000000001
1111111111111101
1000000000000001
1011111111111111
1000000000000031
1111111111111111
1111111111111111
5
1111111111111111
1210000000000001
1111111111111101
1000000000000001
1011111111111111
1000000000000001
1111111111111101
1400000000000001
1011111111111111
1000000000000001
1111111111111101
1000000000000001
1011111111111111
1000000000000031
1111111111111111
1111111111111111
6
1111111111111111
1200040000000001
1111111111111101
1000000000000001
1011111111111111
1000000000000001
1111111111111101
1000000000000001
1011111111111111
1000000000000001
1111111111111101
1000000000000001
1011111111111111
1000000000000031
1111111111111111
1111111111111111
7
1111111111111111
1200000000000001
1111111111111101
1000000000000001
1011111111111111
1000000000000001
1111111111111101
1000000000000001
1011111111111111
1000000000000001
1111111111111101
1000000000000001
1011111111111111
1000000000400031
1111111111111111
1111111111111111
8
1111111111111111
1200000000000001
1111111111111101
1000000000000001
1011111111111111
1000000000000001
1111111111111111
1000000000000001
1011111111111111
1400000000000001
1111111111111101
1000000000000001
1011111111111111
1000000000000031
1111111111111111
1111111111111111
9
1111111111111111
1200000000000001
1111101111111101
1000000400000001
1011101111111111
1000000000000001
1111111111111101
1000000000000001
1011111111111111
1000000000000001
1111111111111101
1000000000000001
1011111111111111
1000000000000031
1111111111111111
1111111111111111
10
1111111111111111
1200000000000001
1111111111111101
1000000000000001
1011111111111111
1000000000000001
1111111111111101
1000000000000001
1011111111111111
1000000000000001
1111111111111101
1000040000000001
1011111111111111
1000000000000031
1111111111111111
1111111111111111
