1
1111111111111111
1200000000000001
1111111111111101
1000000000000001
1011111111111111
1400000000000001
1111111111111101
1000000000000001
1011111111111111
1000000000000001
1111111111111101
1000000000000001
1011111111111111
1000000000000031
1111111111111111
1111111111111111
2
1111111111111111
1200000000000001
1111111111111101
1000000000000001
1111111111111111
1410000000000001
1111111111111101
1000000000000001
1011111111111111
1000000000000001
1111111111111101
1000000000000001
1011111111111111
1000000000000031
1111111111111111
1111111111111111
