10
7 152
68 17
68 44
32 17
60 15
54 57
65 39
74 26
8 223
52 33
39 50
49 36
36 23
32 35
28 39
34 45
54 27
11 190
30 38
25 50
33 34
10 18
60 49
28 45
30 58
34 13
31 48
13 25
40 55
9 294
53 29
77 51
53 37
79 26
56 25
71 55
61 55
17 37
22 59
12 266
42 49
28 23
17 51
51 57
31 56
16 46
45 32
25 31
16 39
38 10
49 54
77 17
8 128
77 49
25 52
36 51
15 40
59 44
23 12
61 54
29 38
5 75
70 16
16 12
35 18
41 23
30 51
6 116
42 40
18 38
61 31
14 54
79 39
64 43
9 135
63 22
28 24
36 13
62 34
19 27
44 10
61 27
43 60
22 29
5 61
47 24
39 29
61 51
11 51
20 56
