10
30 3
1 4 5 12 14 18 21 26 28 29 30 32 36 54 55 58 65 70 72 76 78 86 87 88 90 91 95 97 98 99
14 90 5
22 3
6 9 11 16 25 30 34 38 45 46 47 49 59 69 71 74 78 80 81 87 94 95
30 49 94
21 3
10 21 22 27 29 32 35 46 48 49 60 69 72 78 82 83 86 88 89 90 94
99 30 41
22 4
9 18 19 28 32 34 41 51 52 55 59 64 69 72 73 75 81 83 84 87 92 98
32 19 15 34
23 5
1 2 9 15 21 33 34 35 38 44 49 50 56 59 60 68 69 71 77 83 88 89 90
98 15 39 65 20
21 3
1 3 8 9 11 15 17 31 40 42 47 63 68 69 70 73 77 85 94 98 99
85 77 55
16 5
16 26 29 32 40 48 52 57 58 67 84 86 89 92 94 97
16 57 16 26 26
20 3
13 17 25 28 31 32 36 46 53 55 56 60 61 63 66 70 74 85 86 93
7 83 61
20 3
2 7 10 12 13 18 24 25 31 32 36 55 57 58 60 69 70 71 84 97
69 57 22
22 3
7 8 20 25 28 34 37 38 41 50 55 59 62 63 70 72 75 83 85 86 90 92
75 75 34
