10
25
1 3 4 5 5 5 9 9 9 11 11 12 13 13 14 14 15 16 16 18 18 19 19 19 20
44
1 2 2 2 3 3 4 5 5 6 6 6 7 9 11 11 11 11 11 11 12 13 13 13 13 13 14 14 15 15 15 16 16 16 17 17 17 17 18 18 19 19 19 19
25
1 2 2 2 2 4 4 4 5 7 9 9 10 10 11 11 11 12 14 15 18 18 19 19 20
50
1 3 4 5 5 5 6 6 7 7 7 8 8 8 9 9 9 9 10 10 11 11 11 11 11 12 12 13 14 14 15 15 16 16 16 16 17 17 18 18 18 18 18 18 19 19 19 19 20 20
17
3 4 5 6 9 10 10 11 12 13 15 16 18 19 19 19 19
30
1 2 2 2 4 4 5 6 6 7 7 7 8 9 10 11 13 13 14 14 14 15 16 16 17 18 18 19 20 20
33
1 1 1 1 2 2 3 3 4 4 5 6 6 7 7 7 9 10 10 11 12 12 14 14 15 16 17 18 18 18 19 19 19
45
1 1 1 2 2 2 3 3 3 4 4 4 4 5 5 6 7 7 7 8 8 9 10 10 11 12 12 13 13 14 14 15 16 16 16 16 16 16 16 17 18 19 20 20 20
50
1 1 1 2 2 2 2 2 3 3 3 3 4 4 4 6 6 6 6 7 8 8 8 9 9 10 10 10 10 11 11 11 12 13 13 13 14 14 15 15 16 16 16 16 17 18 19 20 20 20
46
1 1 1 2 2 3 3 3 4 4 5 5 5 6 6 6 6 6 7 7 8 8 8 9 9 9 9 9 11 11 12 13 13 14 14 15 15 17 18 18 18 18 19 19 20 20
