10
10 14
1 2 91
2 3 31
1 4 48
1 5 94
1 6 26
4 7 87
3 8 16
5 9 48
6 10 40
9 1 78
8 9 66
8 6 36
6 9 70
6 1 26
5 11
1 2 61
1 3 52
1 4 22
1 5 75
5 3 37
2 4 57
5 1 40
5 3 88
5 4 57
1 5 80
2 4 45
8 10
1 2 77
2 3 21
1 4 79
2 5 42
4 6 7
4 7 22
2 8 13
8 5 89
1 3 95
1 6 27
15 19
1 2 70
2 3 94
1 4 22
2 5 5
1 6 31
3 7 42
7 8 91
2 9 76
6 10 42
2 11 34
10 12 79
3 13 61
5 14 25
14 15 47
14 12 10
2 9 66
6 7 21
1 4 7
7 7 91
6 10
1 2 76
2 3 74
1 4 86
1 5 87
1 6 92
5 2 60
5 3 23
3 1 52
2 2 75
3 3 56
11 19
1 2 21
1 3 70
2 4 48
4 5 14
2 6 67
4 7 18
2 8 67
4 9 26
2 10 47
8 11 41
3 4 71
10 10 61
9 10 25
9 9 15
3 11 42
5 10 34
4 3 24
4 5 59
5 11 23
15 24
1 2 62
2 3 18
2 4 36
1 5 57
2 6 33
3 7 54
1 8 6
5 9 26
7 10 39
3 11 68
10 12 29
2 13 99
6 14 23
4 15 63
14 9 46
6 7 91
10 15 89
9 1 31
4 11 76
5 13 59
14 15 68
12 8 76
6 10 70
11 5 100
12 19
1 2 48
2 3 41
3 4 18
2 5 35
4 6 89
1 7 33
5 8 21
6 9 16
3 10 58
7 11 25
2 12 13
5 3 26
4 8 43
5 5 51
12 12 55
11 10 93
6 4 69
9 3 51
4 12 11
14 16
1 2 35
1 3 75
3 4 18
2 5 43
4 6 9
2 7 7
3 8 42
1 9 27
6 10 77
5 11 21
5 12 96
8 13 96
10 14 17
9 7 83
14 7 40
1 8 70
6 10
1 2 69
2 3 36
1 4 90
2 5 88
4 6 37
1 5 40
4 5 28
4 1 72
5 6 38
6 3 56
