#1 391 313 245 241 199 200 217 207 239 254 219 261 285 241 234 258 216 208 391
#2 412 323 318 279 297 262 303 248 254 266 297 327 333 348 357 419 467 491 477 491
#3 326 270 269 195 226 228 265 292 370 345 343 269 258 199 370
#4 425 335 305 297 239 178 190 281 284 292 334 330 268 198 244 425
#5 548 529 611 513 469 611
#6 204 144 195 201 161 143 92 100 124 210 216 212 220 202 194 210 267 210 253 210 267
#7 214 220 203 207 205 214 248 242 282 230 197 158 164 151 126 175 115 179 167 215 215 207 255 231 282
#8 152 160 160 143 137 164 154 129 166 125 153 232 247 318 318
#9 370 423 397 386 355 303 312 364 423
#10 183 112 39 60 121 175 157 176 138 107 102 127 183
