10
15 7
1 1 0 1 1 1 1 0 1 0 0 1 0 0 0
31 9
1 0 0 0 0 0 1 1 0 1 0 1 0 1 1 1 1 1 1 0 0 0 1 0 1 0 0 0 1 0 0
31 3
0 0 0 1 0 1 0 0 1 0 1 1 1 1 0 1 0 1 0 0 0 0 1 1 1 0 1 1 0 1 1
26 10
0 0 1 0 0 1 0 1 1 0 0 1 1 1 1 0 1 0 1 0 0 0 1 0 1 0
40 9
0 1 1 0 0 0 0 1 1 1 0 0 1 1 0 1 1 1 1 0 0 0 1 0 0 1 1 1 0 1 1 1 0 1 0 0 1 1 1 1
23 4
1 0 0 1 1 1 1 1 0 0 0 0 1 0 0 1 0 0 1 0 1 0 0
30 4
0 1 1 1 0 0 1 0 1 1 0 0 1 0 1 0 1 1 0 0 0 1 1 0 0 1 1 0 0 0
20 5
0 0 1 0 1 1 1 1 0 1 0 0 0 0 1 0 1 1 0 0
27 5
1 1 1 1 0 1 1 0 1 0 1 0 0 0 0 1 0 0 1 0 1 1 1 1 0 0 1
28 5
0 1 0 0 0 0 0 1 0 1 0 0 0 1 1 0 1 0 0 0 0 0 0 1 0 0 1 1
