10
46 9
15 16 19 4 8 6 2 8 17 6 9 20 13 6 2 6 20 7 19 6 20 7 6 8 10 20 8 4 16 6 17 9 13 7 8 10 6 10 11 6 1 16 16 16 1 16
38 10
8 10 18 20 16 8 15 7 6 10 13 3 10 8 3 6 8 13 13 1 11 12 19 4 1 6 1 15 13 20 9 9 9 2 15 11 14 8
24 7
8 20 16 13 20 18 17 20 6 14 6 18 2 12 9 1 11 14 2 9 2 10 11 3
18 6
15 12 19 12 13 5 12 20 3 4 12 3 7 19 4 15 7 9
27 8
8 11 5 6 1 17 2 3 13 5 10 20 4 2 13 13 5 18 12 14 6 11 13 9 6 9 6
22 4
18 17 17 14 20 3 8 12 19 10 19 1 16 16 1 18 8 19 19 9 19 2
33 8
16 4 11 2 4 20 17 10 18 17 19 14 3 8 3 1 7 3 14 8 10 13 16 9 17 13 13 1 5 13 3 1 13
32 12
4 15 3 15 14 5 15 17 13 2 17 3 19 18 14 1 6 10 18 9 11 10 15 16 7 14 20 3 10 9 15 4
19 3
6 6 12 19 4 14 14 12 9 17 8 14 14 10 11 9 7 11 3
24 9
19 1 5 5 8 15 18 14 5 13 14 8 2 15 2 17 9 1 13 5 19 1 5 6
