10
11
1 2 2 3 4 6 6 7 8 9 11
40
1 1 2 2 2 3 3 3 4 4 4 4 5 5 5 5 6 7 7 7 7 8 9 9 10 10 10 10 11 11 12 12 13 13 14 14 14 15 15 15
14
1 1 3 4 6 6 7 7 8 8 9 10 11 12
32
1 3 3 3 3 5 5 6 7 7 7 7 8 8 8 9 9 9 10 11 11 12 12 13 14 14 14 14 14 15 15 15
39
1 1 1 3 3 3 4 5 6 7 7 7 8 8 8 9 9 10 10 10 10 10 11 11 11 11 11 12 12 12 13 13 14 14 15 15 15 15 15
12
1 1 1 3 3 4 6 7 7 9 13 15
15
1 3 3 5 6 8 8 9 9 12 12 12 12 15 15
27
1 1 1 2 2 3 3 4 4 5 5 7 7 8 8 9 10 10 10 11 12 12 13 14 14 15 15
22
1 3 4 6 7 9 10 10 10 10 10 11 12 13 13 13 13 14 15 15 15 15
37
1 1 1 1 1 2 3 3 3 3 4 4 5 5 5 5 6 6 6 7 8 8 9 9 10 10 10 10 11 11 12 13 13 14 14 15 15
