10
41
17 24 19 4 17 19 20 14 22 23 18 10 18 17 13 0 9 14 26 29 30 26 14 23 6 12 6 21 7 7 0 7 17 23 0 17 6 29 26 9 23
24
8 28 3 19 16 30 21 5 7 7 0 14 25 11 0 22 1 0 8 13 22 20 6 26
30
28 24 25 24 30 29 13 1 1 30 14 23 2 26 15 29 27 19 19 21 12 2 18 0 24 22 7 21 26 15
31
14 10 23 2 11 13 30 18 15 2 8 25 27 28 29 6 22 25 23 1 24 0 10 5 21 28 30 20 23 18 20
53
27 25 1 11 7 8 26 0 4 16 18 1 0 25 15 8 30 8 13 11 29 4 2 23 0 23 15 14 16 26 23 4 7 15 22 20 9 23 18 0 0 30 0 17 5 9 19 24 8 8 9 2 5
19
22 24 2 13 0 27 20 2 13 29 5 11 16 13 1 26 7 17 19
15
23 11 13 4 7 17 18 6 14 24 13 22 23 5 21
41
4 11 30 11 14 24 28 11 26 26 10 24 27 20 28 0 2 11 21 16 21 3 27 3 13 26 26 6 13 10 17 23 28 16 4 6 5 13 3 14 27
33
21 16 29 25 0 0 19 10 14 6 25 5 22 18 11 13 15 5 20 2 26 1 5 4 20 2 15 2 4 11 24 0 9
59
10 18 10 9 2 24 9 29 18 23 2 30 30 22 3 19 27 11 20 8 30 22 5 23 2 8 15 7 29 22 5 15 23 26 11 14 12 8 6 1 12 0 10 17 17 5 3 20 20 28 4 16 29 24 25 8 18 22 12
