#1 -1 -1 -1 -1 -1 -1 22 -1 417 31 10 113 144 356 -1 -1 406 -1 -1 113 113
#2 272 272 272 -1 -1 284 285 355 -1 -1 -1 135 208 285
#3 -1 -1 358 -1
#4 -1 -1 -1 -1 147 -1 -1 -1 381 340 -1 244 381 231 269 480 -1 287 -1
#5 -1 -1 -1 -1 11 47 54 467 64 11 167 -1 54 167 112 17 -1 -1 -1 417 453 -1
#6 -1 -1 -1 -1 -1 376 -1 -1 -1 -1
#7 -1 -1 253 383 -1 91 40 419 94 429 282 261 339 106 54 -1 54 124 -1 124
#8 -1 -1 -1 -1 -1 481 -1 269
#9 -1 242 314 -1 251 -1 478 -1 305 122 305 307
#10 -1 -1 65 -1 -1 -1 -1 492 -1 107 492 -1 -1 -1 352 157 -1 -1 -1
