10
8
11010110
11000001
00000101
00111110
00001000
00100011
11111010
11110111
4
0110
1110
1110
0001
16
1110110001110010
1011101001011110
0100110010011100
0011010110100100
1100000010010000
0011111010100001
0001001011110101
0101001010111110
1111001110111100
1000011101110000
0100100000100101
1110011000010111
0010111010010011
1110001010010110
0111110111110101
0100000101001001
4
1110
0111
0110
0010
8
01001100
10110001
00010010
11011100
11100110
11001000
00101000
10101000
16
1001101010011111
1000010010000010
0100011010001111
0010100100011001
0010011000001000
0100000000101110
0111011011110001
1100011000110011
0001011111000111
1011010011101000
0111011011001110
0111111101000010
0000000011011000
0000101110101100
0101001100101000
0111110000011001
8
00101011
10001000
01001000
10101100
11100000
01010010
01100100
00100001
16
0111011110110011
0011011101001011
1001010010110110
1110000010111010
1101101111101000
1010100011101111
0001000001001100
1000011111000000
1100110100001011
0110111101111010
1100100110111101
1011110100011000
0010100001010110
0110000000111111
0000000011101000
0111000001100111
8
10010011
11110010
00111100
10001010
00000100
00010011
01100111
11100011
8
11011100
00000100
01100110
10001110
10001010
10100010
00010000
00101000
