#1 ((1(0100)0(0011))((0100)(1001)(0111)(0110))(0(0010)11)((1000)(0011)(1001)(1011)))
#2 ((0111)(1010)(1100)(1001))
#3 ((((1110)(1011)(0100)(0011))((1110)(0010)(1101)(0001))((1100)(0011)(0001)(0101))((0011)(0010)0(1010)))(((0101)(1101)(1010)(0110))((0011)(1010)(1101)0)((1010)(0110)(1110)1)(0(0001)(0111)(0110)))(((1110)(1100)(0111)(0010))((0001)1(1001)(0010))((0011)(1010)(0101)(1100))((1100)(1010)(1100)(0101)))(((1001)10(1001))((1100)0(0101)(0111))((1010)(0101)(1101)(1100))((0001)(1110)(0110)(0101))))
#4 ((1101)(1011)(0100)(1010))
#5 (((0110)(0011)(0011)(0101))((1100)(0001)(0011)(1000))(1(1000)(0010)(1010))((0110)(1000)(1010)0))
#6 ((((1010)(0100)(0100)(0010))((1001)(1000)(0110)(1001))((0001)(1000)(0111)(1100))((0100)(1000)(0101)(1010)))(((1010)(0100)(1000)(0001))((1100)(1110)(1110)(1101))(0(0010)(1100)1)((1011)(0010)0(0111)))(((0010)(0111)(0101)1)((0101)(1100)(0111)(1011))(00(0101)(0111))((0010)(0011)(0011)(1100)))((1(0010)(1101)0)((0110)(1100)(1100)(1010))((1110)(0110)0(1001))((1011)0(1010)(0001))))
#7 (((0010)(1000)(0110)(0010))((1010)(1100)(1011)0)((1101)(1001)(0100)(1010))(0(0010)(0100)(0001)))
#8 ((((0100)1(1011)(0110))((0101)1(0100)0)((1110)(0110)(0010)(0100))((1010)(1100)(0001)(0011)))(((1001)(1100)(1010)1)((0010)1(0110)(1010))(1(1010)(0111)0)((1011)(0011)(1100)0))(((1101)(0010)(1110)(0011))(1(0111)(1011)(0101))((0001)(1010)(0001)(0011))((1000)000))(((0001)(0011)(1000)(1101))((1010)(1110)(1110)(0100))((0100)(0111)(1101)(1010))((0111)(1011)(1001)(0011))))
#9 (((1011)(0111)(0010)(1100))(0(1110)(1110)(0010))(0(0001)(0111)(1010))((0100)(0011)(0100)1))
#10 (((1100)(0100)(0110)(1000))((1101)0(0111)(1010))((1010)(0010)0(0110))((1000)(1010)(0010)0))
