#1 4 26769 4 26769 5 20332 5 20332 6 24499 7 29646 9 39150 8 32049 1 5558
#2 0 0 3 7645 5 17151 9 48317 5 17151 6 24972 6 24972
#3 1 4260 2 11658 4 13524 1 4260 3 16608 4 17767 5 21133 6 28798 6 28798 10 46647
#4 0 0 1 3668 3 7212 6 14362 3 7212 0 0 6 32691 9 49400
#5 5 21240 5 21240 5 21240 5 21240 6 26055 2 2873 9 42848 2 17410
#6 1 8593 3 18576 9 54196 10 61936 0 0 5 25034
#7 0 0 5 15925 8 30870 11 54458
#8 0 0 1 6249 3 13279 6 26901 6 26901 4 21364 4 21364 5 27109 5 27109 6 36332 1 5433
#9 0 0 5 21551 9 39162
#10 1 3324 1 3324 1 3324 3 10784 11 56909 11 56909 11 56909 1 6574 2 10933
