#1 -95 -95 -94 -94 -94 -94 -94 -94 -94 -94 -94 -94 -94 -94 -88
#2 -45 -45 18 18 -88 -88 -93 -93 -93 -94 -94 -94 -29 -29 -57 -57 -70 -70 -70 40 -65 -65
#3 -93 -93 -93 -93 -88 -88 -88 -88 -88 -88 -88 -63 -63 -61 -73 -73 -73 -73 -73 -73 -73 -73 -67
#4 -31 14 84 -15 -15 -99 -99 19 -62 -62 -88 -88 -55 -55 -54 -39 -39 34 -74 -74
#5 -10 -95 -95 -95 -95 -32 -32 -4 -4 -65 -65 -92 -92 -92 -92 -69 -69 -69 -69 23 -31 -63 -63 -63 -63 -42 -64 -64 -64 -64 -60 -60 -60 -99 -99 -99 -99 -74 -74 -40 -40 -40 -40 22 22 -4 -100 -100 -100 -100 -83 -83 -83 -83 -52
#6 -99 -99 -99 -99 -78 -78 -78 -78 -78 -78 -41 -41 -41 -41 -89 -89 -89 -89 -89 -89 -89 -89 -85 -85 -85 -85 -85 -79 -79 -79 -65 -65 -71
#7 -77 -77 -46 -46 -11 -88 -88 2 -17 -17 -24 -74 -74 25 25 44 79 -52 -52 -95 -95 -83 -83 -53 -53 39 39 52 -39 -39 33 -21 -70 -73 -73 -56 -56 6 -73 -73 -71 -71 -75 -75 -7 -42 -61 -63 -63 44 -89 -89 45 27 27 57
#8 -99 -99 -99 -99 -99 -80 -80 -60 -60 -60 -31 -31 -10 -10 -10 -10
#9 -97 -97 -97 -97 -97 -97 -97 -95 -95 -95 -95 -95 -95 -95 -95 -95 -95 -94 -94 -94 -94 -90 -90
#10 -61 -53 -62 -62 -62 -93 -93 -93 -98 -98 -98 -97 -97 -45 -19 -19 -19 30 30
