10
30 135
34 39 31 17 28 33 23 36 3 38 29 20 8 45 30 17 14 29 4 33 24 12 49 24 50 19 11 26 25 28
59 890
8 7 44 24 43 29 40 16 24 41 46 33 41 29 42 22 7 38 21 13 45 35 30 15 10 15 48 37 49 18 15 17 6 10 11 38 34 46 47 41 41 16 35 41 39 19 27 42 17 44 4 40 3 26 42 4 21 8 8
45 976
47 12 30 36 3 40 34 20 37 3 34 50 29 2 41 50 29 37 20 22 41 34 3 29 7 50 34 46 43 34 10 42 25 8 7 34 8 7 29 27 21 23 34 13 29
31 218
49 18 5 23 39 32 49 45 3 31 20 15 39 3 46 16 46 33 40 5 46 22 38 50 17 1 41 50 35 1 14
77 332
29 34 7 1 8 8 28 39 19 6 14 29 25 13 24 48 42 2 5 33 14 37 30 13 27 8 33 26 49 19 26 18 50 10 26 13 23 30 17 14 6 18 50 29 22 27 37 46 28 25 5 12 5 13 9 18 26 21 38 25 49 8 27 13 31 15 3 4 47 46 49 22 45 7 22 8 38
72 879
33 5 23 44 44 48 47 14 32 5 36 11 35 17 18 22 44 18 8 30 45 11 34 25 16 5 36 37 24 2 35 28 20 46 50 36 28 25 10 5 27 49 8 38 17 9 26 19 24 22 28 40 48 49 37 23 44 29 24 8 32 32 27 7 20 47 26 31 47 41 15 12
21 268
12 17 34 36 29 22 31 40 48 27 16 11 24 4 5 32 21 37 45 11 44
78 1458
49 22 43 11 18 26 13 50 48 5 49 2 25 25 15 27 2 24 7 28 40 40 11 30 14 47 17 30 6 12 29 9 33 4 50 35 9 21 35 4 25 26 2 1 2 41 46 49 23 16 8 27 40 36 30 23 48 9 28 2 14 24 5 43 5 24 47 29 3 49 42 14 36 20 46 1 26 34
26 355
30 34 2 7 33 19 30 30 22 8 33 22 39 19 5 4 4 36 9 39 32 23 42 19 27 2
34 575
32 15 31 38 46 17 4 38 14 35 27 15 45 18 29 40 7 6 17 24 9 17 31 47 8 13 3 4 10 12 4 11 11 7
