10
35 4
-11 11 33 -20 -44 0 2 27 28 38 50 50 -7 16 17 -10 -23 21 -6 -16 0 -10 -8 8 -15 -33 10 -11 -38 -43 -11 49 -34 -24 17
21 5
16 -12 12 41 -1 -47 20 -12 33 -42 -34 -31 17 -6 35 31 -8 -19 -10 -14 -50
34 4
-48 5 -30 -33 9 19 39 -25 13 -28 9 14 13 -20 7 36 17 12 15 1 33 -49 46 25 4 -41 -8 7 35 45 18 -22 -40 41
37 7
26 -45 41 32 5 25 9 -17 -14 -49 40 36 34 38 -23 -3 -31 40 12 37 45 23 49 -37 28 -3 -27 -28 40 -13 20 -44 50 -17 -46 5 -31
27 6
-45 -12 48 28 -43 43 -25 6 49 -34 -40 45 29 -4 19 -49 10 -6 14 -20 -14 24 -25 28 -47 -49 26
22 7
-28 28 17 34 -9 37 -16 17 -31 23 -23 2 2 18 28 34 -37 -50 -37 -3 26 0
24 4
-40 41 -4 27 -28 -38 4 6 45 48 46 -3 25 0 -14 -4 40 8 21 3 -46 8 -6 17
13 8
-16 -43 43 12 33 -17 20 -21 1 46 -14 -47 -10
20 7
-20 10 48 -29 -37 8 16 -15 -13 -38 18 49 39 23 14 42 -7 15 2 -36
10 2
-6 1 11 50 16 39 9 6 0 39
