10
4 3
1 1 2
0 1 2
1 1 2
6 6
0 1 2
0 2 3
0 4 5
1 1 3
1 1 4
1 4 5
10 11
0 1 2
0 2 3
0 3 4
0 4 5
0 5 6
0 6 7
0 7 8
0 8 9
0 9 10
1 1 10
1 2 9
8 8
0 1 2
0 3 4
0 5 6
0 7 8
1 1 3
1 5 7
0 2 3
1 1 4
5 6
0 1 2
0 2 3
0 3 4
0 4 5
1 1 5
1 2 4
7 3
1 1 7
1 2 6
1 3 5
12 6
0 1 2
0 3 4
0 1 3
1 2 4
0 5 6
1 1 5
15 9
0 2 3
0 4 5
0 6 7
0 8 9
0 10 11
0 12 13
1 2 3
1 4 5
1 2 4
10 15
0 1 2
0 1 3
0 1 4
0 1 5
0 1 6
0 1 7
0 1 8
0 1 9
0 1 10
1 1 8
1 1 9
1 2 8
1 2 9
1 3 8
1 3 9
20 6
0 1 5
0 5 10
0 10 15
0 15 20
1 1 20
1 1 19
