10
28 5
22 -6 -18 -35 52 41 -46 95 14 34 -19 39 60 22 -13 -24 89 15 -19 -49 -16 3 -18 77 2 88 57 -12
25 5
50 99 -35 -49 33 96 38 96 0 -15 27 61 18 52 79 59 -40 97 22 21 75 53 71 61 18
21 2
82 -43 78 6 74 56 8 -30 21 -4 71 21 60 53 79 12 30 18 97 17 78
35 6
91 61 18 -47 33 53 42 -48 97 1 -26 43 56 78 37 -24 38 -29 75 15 66 42 50 66 16 89 7 33 -8 3 33 -37 41 -30 -38
37 7
83 92 98 15 83 8 23 -28 6 27 36 -15 36 -22 85 -18 97 17 -36 23 36 3 6 2 92 63 53 3 46 63 -17 20 49 14 54 -20 -4
27 10
74 -25 2 -5 -37 15 55 76 40 36 41 39 41 -6 49 -44 18 37 24 73 -10 23 -23 70 30 -11 -19
36 6
-31 -6 13 -33 12 8 -43 -48 36 52 80 48 -26 79 -16 65 -40 -16 49 48 76 27 51 80 47 70 64 33 6 -16 -44 19 -3 33 -26 26
39 6
35 73 78 26 21 -48 10 -5 -10 41 92 -42 -39 -45 42 29 95 58 -19 47 33 72 -9 10 70 43 91 71 23 69 66 -22 13 -4 78 -29 94 -21 23
31 6
-47 -23 36 56 81 -7 30 29 17 -33 0 70 53 -23 26 51 48 58 58 95 37 -25 42 -49 -48 83 89 -12 -15 70 15
32 9
68 97 -16 42 53 16 20 95 -7 6 9 81 27 15 91 8 -11 -24 47 87 -28 30 88 -48 67 -40 73 43 -37 14 22 42
