10
27 5
71 45 41 40 24 85 45 86 97 61 49 9 72 95 98 92 99 63 70 66 21 65 67 7 100 42 41
16 20
2 5
2 5
2 6
7 9
27 10
7 70 48 4 89 61 7 10 55 37 47 56 69 2 78 19 98 77 98 7 18 99 45 59 12 62 98
23 25
2 4
13 16
7 9
7 12
22 23
18 20
13 16
14 16
4 7
26 6
82 24 88 80 75 46 53 74 78 95 79 87 42 48 50 96 92 42 32 84 92 42 84 40 82 52
9 11
1 2
5 10
18 18
7 11
14 19
20 4
42 32 11 6 44 77 93 13 51 2 49 49 73 1 11 74 50 9 79 70
1 4
4 4
16 17
7 7
31 6
72 10 78 21 24 10 21 93 94 71 36 55 56 78 74 97 29 40 7 40 50 50 10 49 51 79 59 41 25 64 53
11 13
13 14
8 8
14 18
9 9
25 27
21 9
4 91 53 22 7 73 28 29 87 48 37 36 34 88 43 54 67 51 87 40 70
7 8
7 7
3 6
4 9
10 10
1 3
9 14
6 6
7 10
20 5
76 92 88 99 7 8 19 89 78 45 89 21 90 4 22 30 10 53 52 47
7 8
5 8
1 6
3 4
0 0
14 7
9 30 8 33 65 34 89 44 79 63 47 25 11 68
10 10
0 2
9 12
0 5
0 2
6 6
7 12
32 8
44 93 81 83 3 16 31 28 27 71 13 17 38 43 38 78 58 52 68 31 23 83 44 100 63 100 76 46 75 75 48 89
12 17
8 10
18 21
13 18
12 12
3 5
22 23
27 29
12 7
94 34 31 90 35 7 80 97 79 92 22 37
1 2
5 5
3 6
0 1
0 5
1 6
8 9
