10
17 10
439 -60 -79 -721 -341 -782 -684 678 380 382 224 -557 463 370 -160 650 -222
25 13
329 -852 33 -346 580 -436 -230 599 821 -87 754 -803 -809 -936 5 -292 -422 -725 -948 -457 -77 540 575 708 -753
41 5
-726 -265 906 98 -532 227 637 -835 632 -877 71 -194 539 -916 582 517 640 523 -367 -698 971 951 273 808 -270 922 -751 -598 719 -685 193 786 118 349 -849 492 -398 -193 -783 -692 22
37 18
118 246 788 52 -689 489 -794 631 -442 563 840 449 -269 698 -813 519 -628 211 -762 -838 837 -52 994 617 -882 -875 366 941 -555 -485 747 -751 -470 987 534 350 -891
46 28
442 -739 -869 887 -44 -412 515 -851 -614 -175 -351 54 803 -709 64 350 979 -471 399 301 -291 -928 63 -237 855 200 -902 -783 108 -921 -965 -143 -514 -341 -137 542 -490 -36 -850 681 -840 675 368 242 781 378
48 25
-308 -468 494 167 -940 617 580 990 158 877 36 -554 218 -614 -734 -878 -35 791 100 450 -81 -945 54 -738 -221 23 245 -166 -269 -534 929 -386 -473 -710 594 216 117 796 792 112 584 -259 -44 497 686 401 -673 -95
29 21
-501 -406 -65 756 73 28 30 110 832 -927 -253 718 748 -718 -96 570 393 363 -720 955 531 -320 -511 813 454 360 -313 960 626
34 7
-831 753 627 -422 193 711 -695 781 470 724 -46 300 -929 285 805 -619 -878 251 -975 -824 665 -593 -842 -790 342 -865 41 5 102 506 -53 -106 -441 -397
11 7
-90 -269 -397 -786 -359 623 -938 453 -379 -933 -26
46 34
-18 800 775 808 -671 -504 -676 734 703 -799 -509 -327 -138 859 -728 186 -532 27 729 661 -735 44 596 -389 -587 -657 454 750 325 906 650 671 608 321 179 -180 954 -1 -228 -62 -347 -757 322 934 -612 -736
