10
6
0 39 39 21 35 32
37 0 42 17 44 17
15 39 0 26 13 23
31 24 29 0 23 21
19 22 32 33 0 50
36 23 35 39 45 0
7
0 34 20 50 17 21 10
48 0 35 19 46 20 22
20 11 0 25 38 50 34
18 49 45 0 13 48 25
49 42 28 47 0 31 43
31 44 33 40 35 0 13
16 29 37 26 25 37 0
8
0 47 26 19 13 47 30 20
13 0 27 17 13 48 24 29
43 49 0 23 46 32 31 39
10 17 40 0 22 43 17 48
23 12 34 16 0 35 19 49
40 44 12 38 20 0 13 40
13 22 25 20 16 12 0 18
23 15 17 26 14 35 12 0
8
0 40 38 31 39 43 22 48
47 0 26 36 19 23 36 14
48 27 0 35 26 16 22 24
13 34 27 0 10 27 29 12
11 45 28 24 0 35 10 15
24 29 50 11 15 0 47 32
30 38 12 21 15 11 0 49
32 45 19 20 10 10 30 0
8
0 21 34 34 38 22 23 20
48 0 46 45 27 14 50 39
50 18 0 37 47 47 42 17
29 18 17 0 47 49 24 13
35 39 37 32 0 15 14 12
38 36 11 46 19 0 40 16
15 28 50 16 45 46 0 19
18 45 47 19 20 32 46 0
8
0 16 41 30 17 40 28 24
32 0 24 12 10 24 42 17
45 15 0 18 40 50 13 40
32 42 40 0 23 41 13 42
47 26 11 48 0 43 43 16
21 12 47 24 39 0 10 17
24 33 30 17 50 29 0 16
29 29 38 49 22 30 15 0
6
0 31 48 49 19 22
37 0 15 15 30 48
23 30 0 27 19 17
38 11 23 0 43 20
40 48 12 44 0 38
32 10 15 41 13 0
8
0 34 19 22 37 21 23 27
26 0 23 28 35 35 26 31
11 27 0 25 43 21 13 36
15 32 17 0 20 49 40 33
23 43 25 35 0 11 39 31
12 26 41 48 13 0 14 32
12 26 47 39 46 49 0 28
44 35 33 30 20 18 21 0
7
0 41 35 49 36 25 41
16 0 43 23 21 14 25
15 11 0 49 27 40 24
31 36 12 0 48 27 40
32 31 14 42 0 28 49
20 33 29 24 35 0 37
12 10 27 15 44 16 0
7
0 50 37 40 44 27 50
45 0 12 41 50 29 21
15 15 0 41 49 50 23
43 15 31 0 49 19 35
42 12 35 31 0 36 21
46 37 25 48 15 0 38
33 10 28 37 10 38 0
