10
11 16
1 2 56
1 3 63
1 4 39
1 5 69
4 6 140
6 7 184
5 8 27
8 9 56
7 10 189
10 11 155
6 7 179
4 3 123
11 3 150
6 2 188
9 11 27
8 6 108
5 10
1 2 147
1 3 113
1 4 97
1 5 123
5 4 18
3 2 60
2 4 157
2 5 174
2 1 33
1 2 126
15 19
1 2 25
2 3 166
1 4 41
3 5 163
1 6 102
3 7 39
5 8 108
4 9 19
4 10 118
5 11 144
7 12 200
3 13 95
12 14 126
1 15 38
10 7 36
2 2 41
5 3 50
7 3 58
15 9 86
12 15
1 2 70
1 3 97
1 4 178
1 5 133
3 6 7
5 7 17
3 8 60
7 9 107
6 10 107
7 11 111
6 12 141
3 1 100
12 7 118
4 5 172
4 11 189
9 15
1 2 181
2 3 60
3 4 177
2 5 103
3 6 117
1 7 117
4 8 70
2 9 133
6 8 141
3 5 115
5 7 173
3 5 102
8 4 102
6 4 93
1 6 182
9 14
1 2 175
1 3 168
2 4 173
4 5 195
2 6 109
3 7 173
4 8 5
2 9 133
1 9 84
3 9 118
4 5 196
7 8 148
9 5 56
1 2 83
6 14
1 2 19
2 3 81
2 4 147
3 5 54
1 6 106
2 3 122
3 2 38
4 6 184
4 4 148
6 2 97
3 2 75
4 5 184
4 2 127
5 6 126
15 22
1 2 24
1 3 122
3 4 8
1 5 89
4 6 23
3 7 172
6 8 6
5 9 167
1 10 154
6 11 110
5 12 47
3 13 155
1 14 106
1 15 17
9 4 147
13 5 45
14 8 19
12 13 111
4 13 53
2 8 48
5 5 173
6 2 148
8 16
1 2 184
2 3 172
3 4 25
1 5 190
2 6 40
2 7 144
1 8 13
3 6 188
4 3 92
1 6 165
7 4 83
3 2 42
8 1 64
7 2 65
8 2 46
3 8 100
9 17
1 2 155
1 3 154
2 4 10
3 5 45
2 6 7
3 7 147
3 8 79
2 9 131
2 1 95
3 6 90
6 1 101
5 4 145
3 1 200
5 7 112
9 4 49
9 7 18
4 4 170
