10
31 9 153
29 17 19 5 27 20 21 7 23 37 8 23 42 50 15 48 5 5 50 49 27 35 15 39 7 16 30 26 31 47 43
32 4 133
29 26 42 40 45 20 44 27 22 36 30 14 44 49 30 28 44 6 11 23 15 46 39 6 32 47 32 43 28 42 12 41
43 7 186
50 15 5 32 31 32 11 36 38 45 10 32 9 31 14 19 17 36 33 6 18 38 46 24 9 15 33 34 36 50 48 15 38 19 15 38 9 30 47 34 35 45 25
25 10 108
16 26 43 26 30 39 49 38 18 28 11 40 47 49 50 37 47 21 30 24 22 50 25 30 14
33 10 194
47 31 33 26 16 35 11 19 42 45 19 31 5 6 8 12 26 10 6 40 49 15 15 48 41 43 19 16 43 19 7 32 30
41 7 227
33 12 32 32 45 42 17 39 17 27 26 19 13 43 23 24 49 24 43 29 44 18 50 23 37 34 10 14 16 38 19 50 24 26 41 48 34 32 25 40 43
41 7 114
31 41 15 31 30 23 34 9 5 27 47 31 6 26 47 11 44 31 18 29 17 46 50 42 43 24 12 39 10 6 17 49 49 12 5 10 18 28 13 39 27
16 8 230
34 36 13 6 46 32 34 16 41 17 21 41 9 36 20 35
24 3 76
27 19 43 49 34 21 20 32 24 23 33 50 26 11 19 18 27 22 10 10 39 35 25 12
21 6 116
33 25 39 15 39 43 44 18 41 45 9 50 10 13 42 7 46 36 35 14 8
