10
10 20
? 2 9
? 5 7
! 9 2 2
! 10 4 -24
! 3 7 -14
? 8 7
! 8 3 13
! 7 7 0
? 4 1
? 5 6
? 6 6
? 7 10
! 10 5 -29
? 8 9
? 8 7
! 2 1 -28
! 7 8 1
? 4 9
? 1 9
! 1 6 8
17 24
? 17 10
? 11 13
! 8 17 26
? 14 17
? 11 2
? 10 3
! 1 9 -18
! 8 15 -13
? 14 15
! 14 2 -42
! 3 14 -47
? 2 14
? 14 14
? 9 8
? 9 5
! 17 10 0
! 7 12 47
! 12 2 0
? 2 1
! 15 9 16
? 6 9
! 11 8 -37
? 3 2
! 5 8 -14
26 20
? 5 17
! 16 26 -31
? 4 8
? 19 23
! 20 15 -31
? 13 14
! 8 24 -19
? 6 11
! 12 17 3
? 3 16
! 13 16 -17
! 4 8 -14
? 10 6
? 18 15
? 13 19
! 26 10 -49
! 24 2 -31
? 21 18
! 17 18 47
! 12 5 -29
14 10
? 9 14
! 4 13 -28
! 11 6 49
? 12 14
? 12 6
? 3 2
? 5 2
! 1 6 10
? 6 3
? 2 10
23 11
! 12 10 -32
! 3 3 0
! 10 23 -1
! 19 8 1
? 12 19
? 3 15
! 18 20 -45
! 22 15 -46
! 16 7 -10
! 22 22 0
! 13 13 0
17 22
? 14 2
? 8 6
? 16 16
! 3 8 -14
! 9 2 2
! 5 11 -48
? 12 16
! 12 1 42
? 15 8
! 16 7 -21
! 17 2 25
? 5 10
? 13 3
? 13 7
! 7 6 33
! 6 1 30
! 13 2 43
! 11 6 24
? 4 6
? 12 15
? 5 1
? 16 7
25 14
? 6 19
? 9 14
! 11 15 -7
! 14 23 5
? 17 13
? 23 7
! 11 6 -9
? 5 9
! 8 24 10
! 22 22 0
? 15 2
! 19 6 30
? 11 19
? 4 13
16 17
! 12 14 -17
! 4 7 23
! 14 13 -43
? 15 2
! 4 8 -4
! 15 5 3
? 14 12
! 4 10 -11
? 11 5
? 6 15
? 6 3
? 7 7
! 5 11 30
! 6 5 -9
! 8 14 -20
! 5 2 -27
? 14 3
27 21
! 17 8 -17
! 23 8 -38
! 19 10 -10
! 23 17 -21
! 24 25 -5
? 3 3
! 2 5 -33
? 2 6
? 20 16
! 19 26 48
! 27 27 0
! 7 22 -37
? 6 14
? 4 25
? 7 2
! 11 15 37
! 19 20 -20
! 21 6 42
? 17 27
? 13 8
? 14 26
12 17
? 12 2
? 5 1
! 12 6 -11
! 11 2 12
? 12 4
! 6 2 -17
? 10 12
? 11 12
? 5 5
! 11 11 0
! 4 6 -14
? 6 5
? 5 8
! 6 6 0
! 3 9 -13
! 6 10 -28
! 2 12 28
