#1 2 1 2
#2 4 1 2 3 4
#3 12 1 2 3 4 5 6 7 8 9 10 11 12
#4 1 1
#5 5 1 4 5 8 12
#6 8 1 2 3 4 13 20 26 35
#7 15 1 2 3 4 6 7 11 15 16 22 27 28 53 63 75
#8 25 1 2 3 4 5 6 8 9 11 13 16 17 18 21 22 33 34 47 78 79 105 130 133 149 210
#9 40 1 3 4 5 7 8 9 11 12 13 15 19 21 22 23 24 27 32 40 41 42 46 48 49 55 56 65 72 80 81 82 88 127 171 172 238 277 311 514 736
#10 60 1 2 3 4 5 6 8 9 11 13 14 17 19 21 22 24 27 33 34 35 39 40 43 48 53 55 64 65 67 68 80 81 86 88 95 97 102 104 119 127 128 138 140 149 150 161 169 172 243 321 412 414 537 570 1243 1342 1634 1888 2114 2167
