10
7 18
1 2 44
1 3 26
2 4 48
4 5 30
4 6 17
2 7 13
7 3 32
2 7 14
4 7 6
7 7 6
7 6 29
6 5 42
3 4 36
7 7 23
4 6 42
7 7 45
5 4 12
3 2 25
16 25
1 2 17
1 3 34
1 4 26
4 5 12
5 6 13
1 7 35
4 8 27
5 9 34
6 10 50
3 11 39
10 12 29
11 13 22
8 14 37
14 15 13
11 16 23
12 2 40
14 6 48
10 7 34
5 4 27
2 1 21
6 1 45
14 1 41
10 7 24
12 4 27
8 8 37
18 29
1 2 26
2 3 34
2 4 18
2 5 4
2 6 8
5 7 39
5 8 27
3 9 7
8 10 27
6 11 30
11 12 22
8 13 34
7 14 14
4 15 41
5 16 39
6 17 42
2 18 45
13 3 45
6 7 34
14 12 21
16 18 8
9 10 20
3 8 49
4 4 36
15 7 50
5 11 1
5 17 41
4 18 22
17 9 8
15 22
1 2 21
2 3 50
1 4 17
3 5 3
3 6 10
6 7 13
1 8 44
4 9 48
2 10 13
3 11 12
7 12 8
12 13 2
7 14 45
4 15 45
2 9 29
6 13 24
14 11 33
6 7 7
9 10 34
12 15 37
4 5 10
5 4 14
13 27
1 2 5
1 3 47
3 4 50
4 5 49
4 6 21
5 7 32
6 8 2
1 9 39
6 10 14
6 11 6
3 12 39
11 13 14
3 3 7
8 3 31
7 2 5
13 5 16
7 9 21
8 1 31
12 2 7
12 2 33
11 8 5
10 2 14
10 11 23
10 9 38
4 9 28
9 6 42
5 8 6
7 10
1 2 44
2 3 14
3 4 33
2 5 22
5 6 19
1 7 41
4 4 30
3 3 44
2 4 46
2 7 43
16 27
1 2 47
2 3 8
3 4 36
1 5 35
5 6 8
3 7 16
5 8 36
5 9 3
7 10 3
4 11 26
9 12 25
6 13 15
5 14 37
9 15 36
4 16 25
5 11 49
10 9 49
9 14 19
6 9 7
13 11 31
5 6 45
4 11 29
3 16 38
14 7 7
13 13 44
15 7 7
15 8 48
17 28
1 2 10
1 3 16
2 4 30
2 5 36
1 6 43
6 7 5
5 8 23
6 9 31
1 10 6
9 11 47
2 12 34
11 13 38
7 14 16
12 15 14
13 16 29
13 17 40
7 7 45
3 3 35
13 12 27
4 3 18
15 15 31
4 4 47
2 15 47
10 2 3
3 17 11
15 6 26
4 17 39
10 9 40
5 13
1 2 8
1 3 37
1 4 26
4 5 3
1 3 44
1 4 38
3 4 11
1 1 13
1 4 1
1 4 25
3 2 5
3 4 19
5 2 43
12 24
1 2 19
2 3 31
2 4 17
1 5 3
2 6 31
1 7 19
5 8 41
1 9 25
2 10 23
7 11 49
6 12 25
7 9 28
11 6 26
7 5 43
2 8 45
2 6 19
1 11 49
8 2 17
7 9 41
10 4 33
7 1 24
11 11 19
6 11 21
10 5 17
