10
20 157
57 115 134 60 90 89 79 77 77 77 126 88 147 102 59 120 126 56 111 96
26 104
72 43 60 93 63 87 98 74 53 97 57 81 57 41 45 89 74 72 80 74 68 80 86 52 90 85
15 157
95 123 140 118 139 41 134 53 152 132 55 147 143 135 138
23 111
94 67 67 77 99 51 96 94 75 72 55 79 75 56 87 58 85 104 103 68 79 92 41
30 180
66 160 92 80 163 144 56 42 85 53 142 114 148 46 157 96 41 47 91 41 119 123 86 82 89 77 59 160 40 113
31 160
59 130 98 92 110 103 130 118 139 155 58 94 111 65 90 154 149 59 46 77 135 119 145 139 43 64 115 113 55 147 101
15 162
72 86 89 143 40 134 121 154 77 122 75 102 67 109 71
24 182
145 112 119 101 106 148 86 132 175 58 53 66 77 54 134 126 122 65 151 146 101 85 52 93
18 121
50 42 105 106 58 54 107 98 103 110 95 84 112 66 115 76 52 105
28 200
52 78 127 113 162 151 142 177 64 44 171 59 126 137 195 88 158 143 147 168 193 180 61 191 119 137 81 72
