10
12 132
419 50 612 610 890 918 244 659 538 165 607 560
10 1210
80 811 337 657 854 65 873 41 148 571
26 5869
347 740 966 790 105 417 732 500 379 169 492 486 860 86 480 776 723 567 644 122 453 241 354 528 464 807
18 3396
166 119 619 373 907 80 633 353 481 902 425 198 403 318 375 801 804 218
13 1511
607 264 634 743 738 732 702 331 76 784 300 841 128
27 2465
197 384 552 779 687 592 662 606 862 185 747 565 204 77 413 113 769 888 355 188 595 11 699 743 918 199 898
22 3122
598 686 972 990 33 539 675 756 45 212 803 250 384 970 97 87 411 461 676 192 149 788
27 5030
809 882 849 296 755 687 492 396 731 162 819 402 683 329 398 145 399 51 121 64 213 133 396 856 337 293 681
26 4984
943 332 68 425 263 288 408 517 323 310 579 57 257 13 930 641 346 944 925 957 890 686 410 288 777 68
26 2421
511 966 72 737 789 349 310 664 457 570 967 949 23 878 847 86 158 678 841 629 622 743 221 26 391 944
