10
4
0 1 1 1
1 0 1 1
1 1 0 1
1 1 1 0
4
0 10 20 30
10 0 40 50
20 40 0 60
30 50 60 0
6
0 2 4 6 8 10
1 0 3 5 7 9
2 4 0 6 8 10
1 3 5 0 7 9
2 4 6 8 0 10
1 3 5 7 9 0
6
0 1 2 3 4 5
5 0 1 2 3 4
4 5 0 1 2 3
3 4 5 0 1 2
2 3 4 5 0 1
1 2 3 4 5 0
4
0 8 12 16
10 0 14 18
12 14 0 20
14 16 18 0
4
0 5 15 25
5 0 35 45
15 35 0 55
25 45 55 0
4
0 7 14 21
6 0 12 18
5 10 0 15
4 8 12 0
6
0 3 6 9 12 15
3 0 3 6 9 12
6 3 0 3 6 9
9 6 3 0 3 6
12 9 6 3 0 3
15 12 9 6 3 0
4
0 9 8 7
9 0 6 5
8 6 0 4
7 5 4 0
4
0 2 3 4
2 0 5 6
3 5 0 7
4 6 7 0
