10
14 20 5
5 14
13 3
13 3
11 5
3 13
1 7
8 10
14 2
4 5
9 14
3 2
8 2
11 6
13 6
13 8
2 8
3 14
1 4
6 12
5 1
9 6
9 13
12 14
8 7
7 5
22 13 3
12 10
4 8
10 2
7 1
12 4
22 3
20 11
1 13
22 20
14 1
10 12
18 7
22 22
3 15
14 1
4 17
23 16 5
16 3
11 3
22 14
15 13
13 12
20 2
23 21
21 21
17 16
12 8
22 17
3 2
13 15
23 11
7 6
14 22
14 17
5 21
12 9
22 6
7 9
24 12 5
13 5
3 8
23 3
23 20
11 21
16 10
21 5
18 11
6 15
13 19
16 10
8 4
23 3
23 7
23 9
12 17
19 2
15 9 4
1 6
12 15
5 7
5 12
7 14
7 4
7 1
1 2
15 4
8 15
15 3
1 3
5 12
12 6 5
12 8
6 2
2 4
5 1
7 9
12 12
1 7
5 1
9 4
2 9
9 9
25 16 3
25 4
7 4
10 17
14 7
2 7
5 11
13 1
15 3
8 21
14 16
13 20
23 24
4 4
3 9
7 14
17 7
25 9
24 12
1 9
12 20 4
1 6
5 1
10 3
1 6
7 5
9 12
2 2
4 9
11 4
8 5
11 12
11 9
8 6
4 1
2 2
7 4
7 7
9 3
2 9
12 10
7 12
1 1
1 6
1 12
23 16 5
10 15
7 14
12 21
21 16
22 6
23 12
7 15
10 8
6 12
11 21
14 10
12 8
3 23
21 11
16 15
12 17
3 8
17 15
6 21
20 16
10 10
24 8 3
19 13
2 23
23 3
7 16
1 17
21 24
14 22
24 6
24 21
5 19
18 19
