10
39
177 192 129 29 156 149 63 111 121 68 185 173 85 113 142 93 43 142 167 199 200 32 11 140 188 124 28 88 15 24 155 46 50 200 50 2 136 109 113
44
97 135 33 180 174 144 7 151 161 38 152 146 89 37 32 3 123 98 193 156 178 74 21 52 109 110 99 106 32 190 66 107 46 170 11 9 106 99 41 196 62 24 192 92
32
200 67 152 147 63 124 97 120 118 143 129 195 122 98 163 77 2 8 172 135 199 26 114 56 147 65 153 54 90 121 77 173
17
32 18 148 72 149 47 89 7 75 34 150 119 110 138 193 85 90
16
187 65 166 108 83 19 191 43 53 178 105 86 175 61 157 108
41
182 145 94 110 176 31 115 67 194 121 5 64 31 66 157 86 72 187 27 59 9 145 175 127 197 157 178 135 46 57 68 191 74 159 97 22 26 17 160 72 127
17
89 86 187 27 48 158 41 80 194 109 28 18 96 118 9 82 113
31
128 39 25 40 158 96 185 172 152 78 123 96 41 106 162 93 199 76 18 7 193 87 43 20 136 164 55 66 61 130 200
23
154 16 49 163 198 3 59 46 16 165 52 136 196 12 123 181 70 31 91 182 23 101 3
43
81 114 133 53 127 176 16 123 53 147 188 155 76 82 20 22 122 22 81 153 48 90 180 35 162 186 97 37 99 59 21 9 196 54 177 158 186 30 113 24 190 172 54
