#1 1 26 -1 -1 693 224 605 575 693 31 2 778 575 0 2 575 31 1 95 0 2 368 748 5 0 566 47
#2 0 876 1 390 0 390 1 1 -1 0 624 -1 -1 -1 -1 0 -1 1 0 825 2 0 217 235 825 235 825 1 235 -1 0 -1 -1 1 -1 -1 -1
#3 157 -1 395 395 1 3 0 697 697 301 4 977 4 892
#4 1 -1 0 614 0 2 614 88 247 115 779 88 1 779 779 -1 0 -1 1
#5 -1 254 347 603 0 527 4 928 928 881 73 73 235 235 235 100 0 100 100 100 690 0
#6 -1 -1 -1 -1 -1 0 -1 -1 949 993 454 52 52 52 454 169 3 454 3 400
#7 -1 -1 -1 0 -1 0 594 52 984 692 766 965 0 6 430 0 610 4 635 635 3 872 0 10 76 4 766 0 901
#8 0 -1 -1 0 1 684 1 962 2 2 761 0 912 0 -1 0 95 1 0 4 1 95 -1 -1
#9 -1 0 855 -1 -1 0 0 316 921 363 363 -1 -1 -1 -1 0 184
#10 -1 0 -1 392 392 880 -1 1 0 -1 -1 676 -1 1 0 1 0 991 0 2 119 1 112 0 0 112 395 2 726 991 0 533 0 0
