#1 <4,8,12,16,3,9,14,2,10,17,7,1,13,11,15,6,5>
#2 <16,32,15,33,18,3,22,8,28,17,6,29,21,12,7,2,31,30,1,5,11,20,27,19,10,9,14,26,4,25,13,24,23>
#3 <19,12,6,1,23,20,17,16,18,22,26,5,11,25,10,4,2,3,9,24,7,15,13,14,21,8>
#4 <8,16,24,5,14,23,6,17,27,11,22,9,21,10,26,15,4,1,20,19,25,3,13,12,2,18,7>
#5 <14,28,2,17,32,7,23,39,16,34,11,30,9,29,10,33,15,38,22,6,36,24,13,4,40,35,31,37,3,12,21,5,26,25,1,20,8,19,18,27>
#6 <20,1,3,6,10,15,4,13,7,19,18,5,12,9,14,11,8,17,16,2>
#7 <10,20,30,11,22,3,15,27,9,24,7,23,8,26,14,2,21,16,6,4,1,5,13,19,12,29,18,25,17,28>
#8 <13,26,39,8,22,36,6,21,37,9,25,42,15,32,5,27,1,20,43,19,44,24,4,31,14,41,30,17,10,2,38,35,40,7,16,29,12,3,11,28,33,34,18,23>
#9 <4,8,12,16,20,2,7,13,18,1,9,15,22,10,19,6,21,14,11,17,5,3>
#10 <17,34,13,31,11,30,12,33,16,38,22,6,29,19,5,35,24,15,8,3,1,37,2,7,14,23,32,20,4,28,36,18,9,21,25,27,10,26>
