10
29 382
15 139 20 100 242 207 158 227 25 77 137 75 73 159 182 22 40 171 51 16 59 159 224 64 230 146 116 96 139
30 131
127 120 52 176 57 228 171 50 159 230 109 31 222 247 10 116 106 162 55 106 147 68 26 93 165 30 48 135 112 216
37 399
249 124 107 129 97 134 186 179 45 97 192 163 222 10 102 14 238 158 29 197 69 182 179 210 137 25 250 203 193 114 170 187 242 122 121 119 142
22 120
116 53 233 37 82 82 69 42 110 131 70 51 43 213 151 33 177 36 221 108 146 187
23 86
82 27 140 181 32 238 187 124 56 10 207 177 211 250 51 93 67 91 173 228 200 143 206
27 125
196 76 173 83 200 231 239 192 204 21 224 169 197 125 51 224 168 111 187 33 97 88 207 98 170 87 233
13 362
23 241 24 90 234 44 28 159 68 77 131 248 189
25 90
129 95 236 105 220 46 33 234 43 15 101 59 174 226 217 128 147 15 46 31 187 168 159 26 112
28 301
92 125 177 235 139 200 43 189 66 198 221 182 95 217 53 225 130 232 83 246 149 250 10 31 137 186 126 246
30 400
69 100 24 11 173 68 121 62 206 110 26 78 28 169 164 129 150 144 224 169 82 147 43 121 118 83 29 57 159 168
