10
54 12
161 118 503 -926 -777 -45 493 -226 20 -989 774 -909 698 875 -267 -58 363 351 217 360 71 -286 366 375 408 -569 -508 -29 -338 701 139 -446 -200 405 454 304 -543 666 -510 570 -90 340 -906 482 -204 -494 194 -995 -922 379 -869 -199 -254 36
54 14
247 -475 -1 87 -868 -810 419 -490 -792 -449 333 890 245 -335 -80 701 -561 256 870 -951 -904 335 -234 620 -494 -328 -883 916 535 -111 -842 276 -924 -301 -826 403 505 -435 308 927 226 932 -888 -588 -352 -394 275 594 761 136 495 681 -442 642
77 10
637 -719 625 -481 336 -325 7 926 -79 335 19 -17 -990 -686 173 -574 -529 67 -572 531 91 -549 5 -847 551 279 423 630 987 -924 198 -585 -390 573 515 632 -605 65 -580 -822 -238 -851 75 -487 790 918 532 935 248 -759 -705 608 271 -524 84 945 -513 -646 -922 574 384 212 817 368 539 -243 -247 -720 -585 -23 -932 209 616 -597 726 712 -256
38 13
-256 349 -689 -139 63 -794 485 545 781 330 836 658 -581 769 344 93 707 414 81 52 -239 -706 -527 -82 -213 583 -89 -960 -553 369 786 -690 -936 411 202 715 -447 447
87 4
-305 810 -597 -561 -584 626 -897 -364 180 431 -283 -144 169 603 -751 913 13 -471 -197 -474 296 930 -576 -800 584 -255 -477 770 884 602 554 316 -443 339 919 -518 -520 868 462 -727 946 -392 -971 51 45 -472 522 -534 495 -180 -198 -516 -588 31 965 -999 -170 -332 -285 841 -288 -159 767 580 457 376 -215 345 -539 45 -872 49 945 -240 -917 418 695 149 -366 -682 -75 347 222 -107 -791 -91 385
94 12
136 -832 -62 981 614 -180 936 -906 -781 -914 -222 -667 881 -656 -283 409 -308 234 -171 277 944 -459 791 -183 -643 970 -845 -932 715 687 -656 517 881 -314 -797 817 431 125 -689 608 -91 207 873 511 -887 769 376 -110 232 639 123 400 914 -87 902 934 -687 -87 257 471 266 783 -621 94 -300 -618 583 -273 -20 -267 -367 211 -749 789 377 807 -931 39 665 -980 19 -950 418 -722 710 431 16 262 -229 -128 -432 -726 -700 696
48 5
52 -741 -668 490 -506 -626 -972 -2 420 -274 312 -713 -738 789 -166 -142 553 -98 544 621 270 -529 -225 120 -311 700 -221 698 881 -767 257 948 460 -132 -170 699 -214 216 -557 -331 409 841 -242 961 917 -219 760 346
79 15
-411 972 495 -588 -168 580 -667 -20 -396 62 -185 541 978 -770 -579 -972 -226 -16 -25 407 717 503 -544 516 228 -626 -744 290 -660 695 -878 47 -785 -476 -969 -699 -888 -359 184 148 179 -628 332 -968 162 -386 574 153 335 588 230 925 690 837 114 310 904 -16 -33 -584 38 278 -273 -537 -855 21 568 -677 370 41 895 231 -833 693 869 -925 208 101 -619
75 8
-69 873 -335 -628 -375 -977 -43 725 813 233 -585 -932 -775 -586 -480 263 889 655 -633 -355 -657 848 729 -469 -683 1 -652 859 -575 935 -78 709 603 -967 964 774 -302 611 669 -966 848 -389 -767 -124 616 -135 -936 428 -436 -462 731 390 655 787 -394 -468 619 128 -910 -985 -784 -654 -175 499 -12 -608 543 846 -779 549 504 880 -111 393 882
47 12
278 60 202 1000 827 451 85 42 -732 -417 -164 690 874 487 -593 -846 -736 206 204 759 -496 -330 402 676 -150 -547 459 677 -998 -134 -680 -343 -742 829 454 -375 -602 -928 947 537 689 749 571 805 934 -320 309
