#1 774 774 875 875 875 875 875 875 875 875 875 875 875 875 408 408 408 408 701 701 701 701 701 701 701 701 701 701 701 701 666 666 666 666 666 666 666 666 570 570 482 482 482
#2 890 890 890 890 890 890 890 890 890 890 890 890 870 870 916 916 916 916 916 916 916 916 916 916 916 916 927 927 932 932 932 932 932 932 932 932 932 932 932 932 932
#3 926 926 926 926 926 926 926 926 335 335 531 531 531 531 531 551 551 551 630 987 987 987 987 987 987 987 987 987 987 632 632 632 632 632 632 790 918 918 935 935 935 935 935 935 935 935 945 945 945 945 945 945 945 945 945 945 817 817 817 817 817 817 817 616 616 726 726 726
#4 836 836 836 836 836 836 836 836 836 836 836 769 769 769 707 707 707 583 786 786 786 786 786 786 786 786
#5 810 810 626 626 626 626 431 431 431 431 603 603 913 913 913 913 13 296 930 930 930 930 584 584 770 884 884 884 884 602 554 919 919 919 919 868 868 946 946 946 946 51 51 522 522 522 522 495 495 -180 31 965 965 965 965 -170 841 841 841 841 767 767 767 580 457 376 345 345 49 945 945 945 945 695 695 695 695 149 347 347 347 347 222 385
#6 981 981 981 981 936 936 936 881 881 944 944 944 944 944 970 970 970 970 970 970 970 970 970 970 970 970 881 881 881 881 881 881 881 873 873 873 873 873 873 873 873 914 914 914 934 934 934 934 934 934 934 934 934 934 934 934 783 783 783 783 783 783 789 789 807 807 807 807 807 807 807 807 807 807 807 807 710 710 710 710 710 710 710
#7 490 490 490 490 420 420 420 420 420 789 789 789 789 789 553 621 621 621 621 621 270 700 700 700 881 881 881 948 948 948 948 948 699 699 699 699 409 841 841 961 961 961 961 961
#8 978 978 978 978 978 978 978 978 978 978 978 978 978 717 717 717 717 717 717 717 717 695 695 695 695 695 695 695 695 695 332 332 574 574 574 588 588 925 925 925 925 925 925 925 925 925 925 925 925 925 925 925 904 904 904 904 904 895 895 895 895 895 895 895 895
#9 873 873 813 813 813 813 813 813 813 889 889 889 889 889 889 889 889 848 848 848 859 859 935 935 935 935 935 964 964 964 964 964 964 964 964 848 848 848 848 848 848 616 616 731 731 731 787 787 787 787 787 787 787 787 619 619 619 499 499 543 846 846 846 846 880 880 880 882
#10 1000 1000 1000 1000 874 874 874 874 874 874 874 874 874 759 759 759 759 759 759 759 677 677 829 829 829 829 829 947 947 947 947 947 947 947 947 947
