10
38 3
48 76 78 89 50 45 71 80 80 81 51 89 80 72 60 52 80 74 53 79 53 56 67 79 80 65 49 66 81 76 59 65 46 49 84 79 90 59
44 10
64 81 58 75 46 87 64 69 59 73 90 49 87 53 50 86 86 85 81 77 47 51 61 81 70 68 74 87 63 46 72 90 56 55 57 62 56 88 50 71 77 61 82 51
37 2
89 55 58 45 77 83 84 66 77 59 81 45 85 60 90 74 45 60 76 87 81 68 83 45 68 51 60 63 74 47 90 71 87 54 56 75 50
44 7
47 53 74 65 60 84 74 73 88 77 54 57 71 46 81 83 86 89 67 83 57 52 87 87 47 52 48 70 75 90 90 59 84 57 54 83 65 73 56 46 70 58 47 49
21 4
61 68 85 50 45 49 72 70 57 86 89 60 71 54 70 74 62 80 79 72 46
29 5
72 55 70 67 73 65 75 63 68 62 66 90 83 86 90 74 83 47 56 70 86 69 77 76 71 48 47 58 68
36 8
46 62 60 82 86 55 49 68 72 70 84 73 51 59 53 55 75 85 59 77 66 84 64 77 57 68 46 78 70 47 61 57 57 63 65 78
28 7
63 80 70 72 89 60 74 53 71 52 89 77 70 47 73 52 61 50 49 51 48 67 90 76 70 63 64 58
26 6
52 82 77 59 47 51 71 86 62 78 48 58 84 52 60 70 89 90 81 73 47 74 74 49 51 62
30 3
64 66 59 54 88 81 71 54 73 57 81 76 62 53 64 72 82 86 72 50 56 56 60 67 84 53 78 81 68 69
