10
13 17
1 2 68
1 3 22
1 4 81
1 5 85
3 6 29
1 7 77
6 8 72
4 9 85
2 10 51
5 11 100
7 12 52
3 13 27
7 6 84
3 10 55
10 5 70
11 3 19
12 2 92
10 15
1 2 44
1 3 8
2 4 93
3 5 43
3 6 30
4 7 83
4 8 20
3 9 15
1 10 6
7 4 71
8 10 26
7 8 23
10 10 19
8 8 29
10 6 42
11 16
1 2 40
1 3 34
1 4 27
2 5 16
1 6 30
4 7 85
6 8 7
6 9 42
3 10 98
7 11 33
9 1 81
6 9 24
1 11 93
5 7 52
7 11 66
1 9 62
12 19
1 2 17
2 3 29
2 4 11
3 5 33
4 6 23
3 7 13
2 8 25
5 9 33
2 10 5
7 11 82
8 12 30
8 7 71
5 4 16
5 8 73
3 2 69
8 9 18
2 7 64
9 8 92
5 9 99
15 23
1 2 48
1 3 94
2 4 65
1 5 15
4 6 73
1 7 8
6 8 31
6 9 7
4 10 6
1 11 64
8 12 53
11 13 42
13 14 42
3 15 21
4 10 69
1 9 60
11 13 15
7 13 62
12 4 28
2 12 87
1 14 7
5 13 31
7 8 92
8 13
1 2 71
1 3 29
2 4 100
1 5 100
4 6 55
4 7 95
5 8 78
5 2 45
4 4 24
4 4 8
6 4 83
4 8 100
2 2 75
9 15
1 2 30
1 3 89
1 4 26
1 5 44
4 6 91
6 7 84
5 8 27
2 9 6
9 8 81
6 1 48
6 2 58
3 2 74
6 4 83
4 5 27
4 8 12
8 13
1 2 16
1 3 43
2 4 92
4 5 71
2 6 27
1 7 59
2 8 73
3 2 75
5 2 100
7 7 72
3 5 21
7 7 57
2 4 26
14 16
1 2 56
2 3 87
2 4 77
2 5 81
5 6 18
6 7 98
3 8 46
4 9 92
2 10 8
4 11 24
7 12 81
10 13 53
13 14 7
1 4 36
2 4 76
3 10 64
9 12
1 2 86
1 3 39
3 4 79
4 5 56
2 6 8
3 7 57
3 8 44
5 9 39
5 1 54
1 1 79
7 5 34
1 9 94
