10
29
133 5 152 158 341 222 246 154 114 500 269 369 465 403 374 430 8 209 347 54 418 458 46 234 386 159 165 93 285
26
397 207 280 486 268 425 250 133 203 280 177 1 222 130 47 256 489 123 311 278 271 85 319 255 10 27
19
109 81 453 354 334 421 313 369 121 374 357 360 397 254 89 159 175 373 481
27
148 405 491 447 70 71 66 306 234 451 184 393 341 290 483 6 166 12 427 388 376 7 67 478 30 361 134
8
106 6 381 459 416 27 277 415
16
287 51 263 381 213 238 120 1 235 496 23 430 281 14 454 146
22
493 464 464 168 307 261 183 253 128 265 63 393 190 39 33 275 190 196 306 171 230 391
18
223 480 35 220 182 255 284 77 346 361 317 26 365 440 471 431 118 436
18
409 149 316 234 292 474 61 28 476 198 373 392 436 308 211 410 167 189
5
263 282 474 12 442
