#1 41 341 376 75 247 422 92 498 292 380 126 137 40 480 215 295 462 240 419 149 496 403 363 101 425 140 427 395 458 16 70 56 406 387
#2 278 117 230 491 59 431 450 229 320 186 42 111 122 329 296 290 42 368 424 1 217 193 381
#3 291 162 237 267 86 458 333 380 380 395 395 377 63 251 239 308 51 314 478 29 315
#4 365 410 90 387 222 462 61 316 126 198 38 136 476 409 380 156 306 179 191 336 154 229 347 422 47 275 434 329 8 92 491 219 383 168
#5 119 465 115 494 493 216 269 389 373 391 215 462 11 401 78 22 384 233 351 340 347 73 361 397 242 284 411 471 488 452 266 216 246 367 112 2 227 74
#6 322 287 372 196 460 389 8 112 418 331
#7 56 316 231 401 50 97 120 49 487 182 54 24 395 173 112 2 475 304 38 444 53 161 38 127 376 278 19 304 97 380 300 416
#8 173 416 454 228 116 47 142 341 434 300 14 482 211 23 212 202 261 277 82 277 471 411 450 140 275 90 9 116 171 155 254 38 466 370 356 234
#9 83 412 4 428 4 293 416 497 169 459 356 161
#10 391 163 465 370 490 290 197 52 404 119 68 283 397 97 381 110 134 42 412 239 350 29 61 271 360 301 465 458 13 351 97 197 431 478 14
