10
2
0 0 0
10 20 30
4
1 1 1
2 2 2
3 3 3
4 4 4
4
0 10 20
10 0 20
20 10 0
10 20 0
5
10 10 10
10 20 30
30 20 10
5 5 5
1 2 3
6
0 0 0
10 20 30
20 40 60
30 60 90
40 80 120
50 100 150
5
-100 -100 -100
100 100 100
0 0 0
-50 50 -50
50 -50 50
8
0 0 0
7 13 29
14 6 8
21 19 37
28 12 16
35 5 45
42 18 24
49 11 3
7
0 0 100
0 100 0
100 0 0
0 0 -100
0 -100 0
-100 0 0
0 0 0
10
0 0 0
100 50 25
200 100 50
300 150 75
400 200 100
500 250 125
600 300 150
700 350 175
800 400 200
900 450 225
6
12 34 56
23 45 67
34 56 78
45 67 89
56 78 90
67 89 101
