10
11 20
11 2
11 1
2 9
2 1
2 5
9 1
1 3
1 6
5 3
5 6
5 8
3 6
3 7
6 4
8 7
8 4
8 10
7 4
7 10
4 10
8 15
5 4
5 7
4 1
4 7
4 6
1 7
7 6
7 2
7 8
6 2
6 8
6 3
2 8
2 3
8 3
7 4
2 7
4 6
7 6
7 5
10 16
6 8
6 4
6 5
8 4
8 5
4 7
4 10
5 10
10 2
10 9
1 2
1 9
1 3
2 9
2 3
9 3
7 7
7 2
7 1
2 1
2 4
2 6
1 4
4 6
8 8
1 6
1 2
4 8
6 8
6 5
2 5
8 5
5 7
11 18
7 6
7 8
2 6
2 3
8 3
8 4
8 1
3 4
3 1
3 11
4 1
4 11
11 9
11 5
11 10
9 5
9 10
5 10
15 27
5 13
5 1
8 13
8 1
8 10
13 1
13 10
1 10
1 9
10 9
10 14
9 6
9 7
14 6
14 7
6 7
6 11
7 11
7 3
7 2
11 3
11 12
3 2
3 12
3 4
2 4
12 15
5 7
3 1
3 5
1 4
1 2
5 4
5 2
4 2
12 18
12 2
12 4
8 4
8 11
2 4
2 11
11 7
11 6
9 6
9 1
6 1
6 5
6 10
1 5
1 10
1 3
5 3
10 3
