10
33
-911 -800 -673 -651 -525 -432 -430 -298 -259 -143 -132 -95 -69 -3 19 80 87 166 333 472 582 587 629 643 665 677 707 760 817 820 821 835 874
30
-859 -842 -824 -792 -778 -702 -313 -266 -237 -173 -158 -132 -128 -116 -87 -64 -55 22 69 73 104 377 449 491 544 560 568 588 610 627
38
-947 -894 -873 -848 -780 -702 -677 -622 -620 -588 -570 -383 -348 -189 -143 -125 -103 -76 -11 11 116 126 208 315 340 394 427 443 466 616 780 824 849 873 882 952 986 988
12
-801 -773 -624 -196 83 159 200 466 687 750 845 925
38
-994 -906 -894 -861 -805 -750 -723 -698 -694 -573 -550 -466 -465 -441 -300 -253 -162 -34 10 82 142 194 308 328 445 516 559 567 593 621 693 722 777 825 845 872 877 949
19
-984 -956 -950 -838 -703 -653 -629 -540 -498 -330 -259 -124 223 406 428 537 691 830 873
28
-974 -696 -673 -642 -622 -507 -484 -469 -462 -369 -272 8 48 61 119 261 305 350 426 448 466 478 527 698 756 871 886 887
35
-958 -831 -771 -656 -632 -542 -505 -454 -392 -390 -357 -276 -274 -249 -226 -211 -194 -20 7 116 210 236 316 529 538 563 576 611 622 724 731 743 936 956 964
11
-458 -267 -228 -113 230 346 543 593 733 767 790
15
-963 -877 -811 -687 -574 -417 -361 -78 102 367 622 639 665 855 871
