10
11 4
7 10 24 30 30 32 39 43 45 45 49
38 1 32 27
21 5
4 7 7 8 9 10 11 12 18 25 25 26 28 32 33 33 36 37 39 49 50
11 24 4 3 37
11 3
4 5 7 11 18 19 34 38 40 42 42
43 3 6
24 5
4 5 6 8 9 11 12 18 21 22 22 24 29 34 36 38 39 43 43 44 45 47 47 50
19 31 49 46 23
23 3
1 3 6 6 7 9 10 10 20 23 27 28 29 31 35 37 38 39 42 43 45 47 50
6 50 52
13 3
2 8 17 22 30 32 35 45 46 48 49 50 50
53 21 54
22 3
3 4 6 12 12 13 14 17 21 23 26 26 26 27 35 37 38 39 44 44 46 46
50 52 12
11 5
4 13 14 15 15 15 20 23 25 25 50
29 32 3 6 1
10 5
8 9 15 17 23 33 33 33 38 40
28 48 25 9 15
10 3
7 8 13 15 25 27 28 37 40 45
0 11 24
