10
23 4
11 -4 -15 -1 1 -19 -16 10 -20 -13 -2 -13 -1 -18 19 -16 -12 -3 -11 -7 7 -16 19
6 -11 -17 -18
20 4
-4 2 0 -14 6 -15 -19 1 0 4 13 14 20 19 -4 17 -17 11 3 -7
2 -11 20 -19
22 4
19 7 -2 -7 6 4 4 -11 17 9 15 -15 15 4 -17 12 19 -19 19 14 20 13
-2 0 -1 -10
20 3
19 -3 -17 5 -14 -20 19 16 3 19 -3 9 8 -8 1 -3 -5 20 13 -6
11 -19 -11
15 5
-4 10 -14 -9 19 -7 -16 -15 -16 -12 5 18 -10 -15 8
4 -3 4 5 4
20 5
13 -19 -16 0 17 6 -6 0 3 8 16 -7 5 13 14 -20 6 17 -18 20
9 17 -17 -6 16
22 3
-17 -17 -15 19 3 16 -2 0 8 13 4 17 -17 5 9 4 16 -18 4 -5 4 -17
-15 3 -3
17 5
-11 4 0 -6 -20 6 0 -12 -16 17 19 6 18 17 -14 14 -12
20 -5 -15 -20 -12
24 4
15 20 -11 19 16 1 5 16 -4 4 -6 -19 -7 -13 -14 14 -18 11 -17 19 6 15 1 1
8 20 12 -4
23 4
-20 6 3 -12 10 14 -2 -5 -14 -10 18 9 13 9 -14 -15 16 12 6 2 -8 13 1
-11 6 -13 13
