10
22 11
11 6
21 1
17 1
11 22
15 5
8 4
5 20
6 15
14 11
22 14
5 10
15 8
8 14
14 6
1 3
15 4
8 15
4 4
3 15
1 4
30 21
15 26
17 1
27 16
23 13
17 13
16 17
3 16
5 13
1 5
5 14
29 10
23 28
21 1
29 5
4 18
17 3
13 10
11 23
7 14
12 17
1 28
24 16
19 11
20 20
20 13
6 12
10 22
14 17
19 11
14 16
2 21
10 14
8 14
12 2
2 11
8 17
15 23
23 10
12 22
1 12
5 3
1 6
9 4
11 4
12 1
7 8
3 11
7 1
12 9
11 12
3 12
8 5
11 10
10 5
2 12
5 9
10 8
4 5
12 1
1 6
3 4
22 24
6 16
17 13
19 13
8 22
21 2
10 12
11 13
12 12
15 13
21 13
18 11
20 13
6 10
7 12
6 10
16 11
14 17
22 19
14 7
1 11
5 1
6 4
22 15
13 22
19 11
11 15
5 16
8 7
6 10
6 11
17 2
4 10
6 3
8 11
19 18
14 9
19 11
13 13
14 1
10 17
8 5
3 13
2 3
5 11
2 7
17 11
14 15
15 14
13 12
2 7
5 13
12 12
4 5
7 13
12 5
5 6
2 3
6 9
8 10
4 10
6 5
12 16
12 4
9 12
10 3
7 1
7 4
7 2
5 1
8 10
5 11
5 9
5 6
1 12
8 4
6 1
6 6
5 10
