10
27 2
10 10 8 1 6 3 6 7 3 9 1 3 7 1 6 2 4 8 7 3 7 7 7 1 3 10 2
56 3
1 4 8 10 9 4 4 2 2 4 6 8 7 10 10 5 7 5 1 3 1 8 2 3 5 10 8 6 1 6 1 7 10 5 3 5 4 9 6 10 5 7 5 3 3 3 7 8 10 1 6 10 2 4 1 2
42 5
5 10 8 2 2 7 10 4 3 5 2 10 7 2 4 7 1 7 7 7 8 7 2 6 7 1 6 7 10 3 7 7 2 5 7 7 3 6 6 5 4 5
25 3
7 5 5 9 6 3 8 3 7 10 7 10 6 3 5 5 3 5 3 5 1 4 9 3 4
59 5
4 4 1 10 10 4 6 10 5 9 9 8 9 10 2 3 5 8 2 2 7 7 2 7 7 3 1 3 3 3 3 6 3 4 7 6 2 4 5 10 8 1 2 7 4 9 9 6 8 7 10 5 1 3 5 5 9 2 4
36 3
5 10 10 1 2 4 4 9 1 4 6 3 9 6 4 1 1 9 4 1 4 2 1 8 4 8 3 6 6 8 10 7 3 4 3 2
41 5
5 10 3 7 4 8 6 2 1 8 3 2 7 8 3 5 3 3 7 2 9 5 7 5 5 9 5 10 2 7 3 5 6 10 7 8 7 1 9 1 1
32 4
3 10 1 9 9 6 8 7 5 8 2 3 7 2 9 3 4 5 10 1 5 7 5 4 3 10 10 1 1 5 10 9
26 5
7 8 8 5 3 10 2 5 6 5 2 10 4 3 2 6 2 6 1 1 8 5 2 6 1 10
24 3
1 4 7 1 6 7 4 4 6 8 9 10 10 1 6 6 1 8 6 9 7 9 8 7
