10
18 22
1 12 12
1 12 1
1 8 2
1 8 6
0 5 15
0 6 8
1 12 6
0 9 9
0 11 4
0 1 5
1 10 12
0 11 16
0 8 16
1 17 2
1 7 9
1 16 12
0 17 2
1 7 4
0 1 6
0 9 12
1 1 18
0 11 15
14 25
1 3 3
0 7 7
0 14 13
0 2 14
0 7 13
1 9 6
1 13 14
1 4 10
0 10 9
1 13 14
1 9 5
0 10 1
1 6 7
1 1 4
0 6 4
1 5 6
1 6 10
0 2 4
0 3 13
0 11 14
0 13 8
1 14 14
0 13 12
1 3 14
0 2 4
29 11
0 9 11
1 3 11
0 8 11
1 27 14
1 18 3
1 16 14
0 21 3
0 26 11
1 27 7
0 20 10
1 29 9
20 23
0 18 15
0 18 6
0 12 1
1 8 13
1 9 8
0 13 3
1 16 8
0 11 10
1 4 16
1 6 6
1 9 5
0 4 1
1 3 14
0 8 13
1 11 10
0 4 4
0 4 14
0 19 4
1 19 5
0 19 4
1 17 3
0 4 2
1 15 3
15 16
1 14 14
0 3 6
0 1 5
1 10 13
0 12 5
1 2 2
0 9 6
0 15 10
1 6 12
1 3 13
1 9 5
0 3 8
0 7 1
0 2 10
0 10 12
0 3 15
18 24
1 14 4
0 2 1
1 10 15
1 18 15
0 11 2
1 16 12
1 4 8
0 5 4
1 13 4
0 4 18
1 12 13
0 9 6
0 13 2
1 16 11
1 7 4
0 12 15
1 15 10
0 10 11
1 3 15
0 9 4
0 6 17
0 15 7
0 14 8
1 16 11
10 22
0 2 7
1 8 6
0 6 2
0 5 4
0 3 10
1 5 10
1 8 4
0 3 3
1 9 2
1 4 7
1 9 9
1 6 7
1 3 4
1 3 4
0 6 2
0 10 8
1 1 8
0 7 1
1 8 5
0 7 1
0 6 8
0 5 10
23 12
0 5 20
1 21 17
1 7 11
0 15 13
1 11 17
1 1 9
1 19 9
1 9 19
1 12 20
1 8 21
0 12 17
0 13 9
30 10
0 13 28
1 10 11
1 20 5
0 3 27
0 25 22
0 27 22
0 2 16
0 5 29
1 3 19
0 7 14
11 18
1 2 5
1 8 2
1 2 2
1 11 5
0 1 6
0 1 4
1 7 8
1 9 9
0 5 1
0 10 10
0 1 8
1 4 2
1 2 2
0 7 1
1 11 8
0 5 1
0 7 10
1 8 1
