10
34
387 406 56 70 16 458 395 427 140 425 101 363 403 496 149 419 240 462 295 215 480 40 137 126 380 292 498 92 422 247 75 376 341 41
23
381 193 217 1 424 368 42 290 296 329 122 111 42 186 320 229 450 431 59 491 230 117 278
21
315 29 478 314 51 308 239 251 63 377 395 395 380 380 333 458 86 267 237 162 291
34
168 383 219 491 92 8 329 434 275 47 422 347 229 154 336 191 179 306 156 380 409 476 136 38 198 126 316 61 462 222 387 90 410 365
38
74 227 2 112 367 246 216 266 452 488 471 411 284 242 397 361 73 347 340 351 233 384 22 78 401 11 462 215 391 373 389 269 216 493 494 115 465 119
10
331 418 112 8 389 460 196 372 287 322
32
416 300 380 97 304 19 278 376 127 38 161 53 444 38 304 475 2 112 173 395 24 54 182 487 49 120 97 50 401 231 316 56
36
234 356 370 466 38 254 155 171 116 9 90 275 140 450 411 471 277 82 277 261 202 212 23 211 482 14 300 434 341 142 47 116 228 454 416 173
12
161 356 459 169 497 416 293 4 428 4 412 83
35
14 478 431 197 97 351 13 458 465 301 360 271 61 29 350 239 412 42 134 110 381 97 397 283 68 119 404 52 197 290 490 370 465 163 391
