10
41
-646 -867 987 668 -513 827 -49 -366 838 373 -272 -650 40 -617 -670 -985 968 -467 304 -649 771 -749 -939 -33 -36 62 -962 587 778 -299 949 208 323 -672 416 -565 471 -839 -332 117 -83
41
-961 263 -186 916 923 -373 837 -299 -258 -52 844 937 -969 -371 770 -406 244 -127 -516 412 248 -428 -601 -646 226 498 -938 177 167 186 -591 -972 -698 -490 -717 -792 324 -252 -80 854 1
24
733 -586 -244 950 158 783 836 -673 -297 -708 -183 115 462 -206 -299 -179 -30 -997 -259 104 685 836 61 -854
11
-968 523 315 -69 -762 474 370 937 -545 308 87
26
-298 401 340 865 -728 956 -163 -787 345 -434 -469 -753 -182 -268 982 621 907 -6 927 596 169 -334 715 -886 -169 926
9
-46 895 882 298 -472 -176 -232 417 -520
41
460 -655 -655 148 666 480 -925 303 -175 -298 601 -164 -5 -276 -719 -931 -939 -647 394 -370 -846 586 -423 571 233 -512 -368 552 -925 -648 627 480 376 253 -361 -795 318 -8 441 974 808
37
865 -479 514 918 -181 -290 -374 71 -481 -665 67 765 977 398 -122 87 -468 10 -693 -304 -153 -59 825 47 984 -960 -519 459 923 544 -239 -943 -150 -723 -134 459 499
27
274 -711 -166 429 -223 674 -276 -669 212 -108 126 87 139 -356 221 831 871 -767 765 610 818 48 410 782 559 773 548
28
519 -528 403 -438 554 910 -881 -468 -654 64 333 -966 -134 -440 -531 875 323 474 -587 -981 549 -205 -348 -132 876 -943 -354 623
