10
11 15
1 2 31
2 3 41
2 4 29
3 5 17
4 6 18
3 7 5
5 8 47
3 9 3
7 10 24
8 11 7
9 9 12
1 11 5
1 2 33
5 4 8
2 11 28
7 10
1 2 1
1 3 16
3 4 11
1 5 36
4 6 33
6 7 50
4 3 48
3 5 18
7 2 39
3 3 29
15 25
1 2 32
1 3 32
2 4 36
4 5 28
5 6 47
2 7 44
3 8 13
5 9 4
7 10 31
3 11 8
9 12 10
9 13 36
12 14 9
13 15 15
5 11 44
4 11 12
11 6 19
5 7 8
6 1 20
8 14 41
12 11 39
1 7 8
10 8 44
12 7 9
13 1 10
18 27
1 2 25
2 3 39
2 4 1
1 5 20
5 6 50
4 7 7
7 8 47
4 9 3
3 10 35
2 11 6
6 12 31
12 13 41
3 14 25
7 15 14
1 16 26
6 17 30
15 18 4
13 8 43
3 9 27
16 4 16
12 16 27
11 5 42
4 16 42
9 13 9
18 11 11
12 13 24
6 9 48
6 15
1 2 11
1 3 33
2 4 14
1 5 12
5 6 9
2 3 22
3 4 14
4 4 24
2 2 40
5 1 6
4 3 33
3 6 21
5 2 34
1 5 28
3 2 32
20 27
1 2 21
2 3 25
2 4 21
2 5 4
3 6 26
3 7 8
4 8 32
7 9 36
2 10 43
5 11 5
10 12 1
6 13 49
12 14 33
11 15 36
12 16 10
9 17 41
7 18 10
9 19 14
16 20 25
7 20 15
9 6 10
8 18 7
9 2 1
10 4 27
19 2 47
20 10 49
3 2 18
14 25
1 2 32
1 3 22
2 4 24
1 5 12
5 6 45
3 7 42
6 8 44
1 9 1
7 10 16
7 11 5
5 12 32
8 13 9
7 14 44
1 2 17
2 1 42
8 9 31
14 12 46
3 5 17
14 8 49
5 4 43
6 13 20
8 2 39
6 5 35
10 1 31
9 7 46
9 20
1 2 5
2 3 43
1 4 37
3 5 37
5 6 40
3 7 23
1 8 15
3 9 43
8 1 3
3 6 29
5 6 6
9 1 25
5 2 47
6 7 35
8 1 49
1 3 13
1 7 32
5 2 25
4 4 7
3 5 40
20 30
1 2 13
2 3 40
2 4 17
3 5 34
4 6 40
1 7 47
2 8 47
4 9 35
4 10 27
8 11 40
4 12 35
4 13 22
5 14 4
6 15 47
5 16 42
7 17 35
1 18 36
2 19 24
9 20 7
2 3 31
8 4 22
8 10 32
7 13 4
12 7 28
3 18 1
15 10 9
10 4 48
5 9 26
12 13 48
17 18 40
14 24
1 2 18
1 3 33
2 4 12
2 5 1
1 6 46
1 7 6
6 8 6
2 9 41
7 10 47
3 11 5
5 12 26
12 13 30
12 14 28
11 6 12
11 12 19
10 7 22
5 2 49
13 1 30
6 6 38
13 3 49
2 5 7
3 8 12
14 7 18
9 9 12
