10
56 45
363 247 655 827 336 345 544 373 176 736 350 361 462 970 744 471 11 382 474 21 776 379 219 139 468 796 692 2 478 138 975 196 404 379 367 967 106 801 30 678 122 223 586 796 119 157 512 285 154 598 814 762 37 193 795 29
63 29
478 974 830 612 175 427 983 406 1000 875 737 992 79 640 493 996 564 396 186 84 870 213 523 887 240 863 420 394 405 731 804 923 404 358 26 274 75 378 366 947 451 260 275 986 664 39 27 362 993 449 492 56 799 833 824 963 217 422 89 712 529 271 51
59 18
686 561 527 759 104 126 18 181 627 355 947 736 344 298 441 552 652 829 77 134 46 915 525 528 201 311 770 15 649 821 418 93 499 627 708 221 132 530 793 552 853 210 1 135 531 772 950 675 815 816 605 742 734 75 947 1000 212 315 412
53 50
131 659 888 406 258 240 798 887 439 49 173 920 120 858 821 967 442 38 553 748 742 25 415 746 975 508 686 617 856 822 44 413 974 599 181 352 321 547 391 141 778 156 97 14 450 533 878 390 597 726 330 408 579
78 25
951 86 986 460 566 251 660 571 984 117 509 176 410 717 104 810 819 141 569 852 44 781 56 713 989 567 954 115 686 299 655 28 10 884 593 876 59 73 510 888 454 238 582 987 400 711 150 368 628 512 802 652 559 505 436 574 633 827 439 74 979 367 629 964 417 697 729 466 644 1 874 814 826 355 982 510 357 238
65 16
604 990 883 289 145 838 5 102 808 824 880 754 250 653 872 473 616 277 453 103 706 599 739 940 501 334 701 515 272 548 319 849 497 952 433 489 991 717 490 798 935 644 824 273 394 19 327 791 487 127 633 722 910 367 572 678 467 335 492 83 721 604 231 665 324
35 16
191 904 513 498 62 42 747 336 59 170 19 116 241 214 845 597 677 49 975 218 422 171 261 306 549 321 364 899 925 832 84 972 246 59 816
51 32
826 551 760 169 966 196 751 931 528 508 361 171 814 303 321 305 225 662 244 250 904 90 423 176 1 242 108 819 831 281 825 982 815 220 627 151 181 610 74 158 342 854 775 785 500 572 139 103 724 501 767
56 23
350 696 588 424 775 915 918 409 135 664 351 798 107 948 12 774 94 123 246 297 156 459 655 284 845 251 702 742 49 512 432 924 282 44 946 676 152 309 169 342 412 426 34 72 989 976 171 794 669 678 826 123 469 339 641 557
88 72
474 836 149 912 381 640 534 358 279 340 681 935 505 258 949 678 311 655 275 885 367 851 599 740 514 191 526 569 416 249 153 193 171 70 113 475 722 801 815 196 749 201 742 625 780 968 369 790 127 449 644 225 919 575 19 589 120 899 468 335 971 351 458 329 373 739 109 205 676 586 16 394 481 347 395 823 353 530 539 312 856 925 546 279 387 981 198 565
