10
24 16
7 23 32 42 43 46 50 62 79 83 93 93 93 99 101 108 113 146 163 169 180 184 185 190
7 42 53 65 87 91 93 96 96 106 114 127 130 148 155 174
20 25
5 33 43 57 75 76 77 80 104 106 109 140 151 159 160 164 172 174 182 197
10 21 30 47 53 57 64 73 93 98 99 109 117 134 135 141 168 171 175 177 183 190 192 198 198
7 10
9 12 29 71 89 89 129
8 24 35 42 66 100 107 136 141 199
16 6
12 12 31 46 53 68 69 81 98 101 112 114 159 163 173 179
47 74 84 97 119 169
5 9
2 7 45 195 198
20 32 81 97 98 119 167 182 184
18 6
30 30 39 41 46 65 68 82 117 120 147 155 160 173 181 190 191 195
24 107 119 125 146 158
14 25
9 16 47 61 67 69 70 79 94 107 148 157 172 187
27 55 61 65 68 71 75 75 94 102 106 115 140 147 150 154 162 163 173 178 183 184 192 195 200
7 14
11 26 29 96 96 103 176
43 44 59 59 65 74 80 80 109 110 113 125 125 196
10 5
1 40 59 74 85 106 134 138 184 200
88 104 115 189 189
17 20
4 19 37 61 68 76 77 78 81 90 99 107 122 131 159 176 198
5 19 34 35 52 66 77 78 83 148 150 158 161 163 168 170 170 178 192 200
