#1 7 7 23 32 42 42 43 46 50 53 62 65 79 83 87 91 93 93 93 93 96 96 99 101 106 108 113 114 127 130 146 148 155 163 169 174 180 184 185 190
#2 5 10 21 30 33 43 47 53 57 57 64 73 75 76 77 80 93 98 99 104 106 109 109 117 134 135 140 141 151 159 160 164 168 171 172 174 175 177 182 183 190 192 197 198 198
#3 8 9 12 24 29 35 42 66 71 89 89 100 107 129 136 141 199
#4 12 12 31 46 47 53 68 69 74 81 84 97 98 101 112 114 119 159 163 169 173 179
#5 2 7 20 32 45 81 97 98 119 167 182 184 195 198
#6 24 30 30 39 41 46 65 68 82 107 117 119 120 125 146 147 155 158 160 173 181 190 191 195
#7 9 16 27 47 55 61 61 65 67 68 69 70 71 75 75 79 94 94 102 106 107 115 140 147 148 150 154 157 162 163 172 173 178 183 184 187 192 195 200
#8 11 26 29 43 44 59 59 65 74 80 80 96 96 103 109 110 113 125 125 176 196
#9 1 40 59 74 85 88 104 106 115 134 138 184 189 189 200
#10 4 5 19 19 34 35 37 52 61 66 68 76 77 77 78 78 81 83 90 99 107 122 131 148 150 158 159 161 163 168 170 170 176 178 192 198 200
