10
11 15
1 2 87
1 3 73
3 4 61
2 5 10
5 6 86
6 7 44
1 8 6
1 9 83
3 10 75
3 11 78
7 8 96
11 3 92
2 11 20
8 2 56
6 7 5
9 12
1 2 89
1 3 29
3 4 23
2 5 78
2 6 62
1 7 49
6 8 37
5 9 37
9 1 45
7 3 78
5 6 91
2 2 92
12 15
1 2 20
2 3 41
1 4 97
3 5 29
5 6 71
4 7 28
2 8 41
1 9 6
2 10 18
9 11 77
6 12 63
2 3 65
6 11 70
2 1 89
9 2 53
11 18
1 2 86
1 3 47
2 4 54
3 5 22
2 6 83
4 7 90
5 8 51
3 9 75
8 10 9
9 11 82
3 6 76
4 9 52
1 2 83
5 7 1
4 4 89
9 3 41
11 8 77
2 4 56
10 16
1 2 50
2 3 40
1 4 5
3 5 39
4 6 80
5 7 71
1 8 76
6 9 70
4 10 41
5 6 74
4 6 1
6 3 27
10 7 40
7 8 60
4 8 97
8 5 13
5 14
1 2 11
1 3 31
2 4 86
3 5 95
3 2 63
3 1 55
5 1 73
3 1 33
1 1 55
1 5 3
2 2 8
4 1 22
3 3 26
2 4 78
5 7
1 2 36
2 3 76
1 4 96
2 5 93
3 3 50
5 1 11
1 4 2
7 15
1 2 64
1 3 25
3 4 55
1 5 84
5 6 16
3 7 78
6 6 95
5 4 90
5 1 86
4 4 60
5 2 68
6 2 84
2 6 86
4 7 55
7 4 3
14 19
1 2 71
1 3 5
3 4 49
2 5 81
2 6 49
3 7 69
1 8 52
5 9 94
7 10 24
7 11 52
9 12 51
7 13 23
5 14 28
5 14 69
13 10 69
13 6 69
12 3 47
8 1 74
10 12 19
9 14
1 2 19
1 3 73
2 4 63
2 5 27
5 6 44
3 7 80
2 8 48
8 9 59
8 9 18
8 5 88
7 8 2
6 2 56
2 7 52
1 7 32
