10
12
10 20 30 40 50 60 70 80 90 100 110 120
2
I 0 1 999 I 3 2 111 222
10
1 1 1 1 1 1 1 1 1 1
2
I 1 2 2 2 I 5 3 3 3 3
15
1 2 3 4 5 6 7 8 9 10 11 12 13 14 15
1
I 10 2 100 200
10
5 4 3 2 1 5 4 3 2 1
1
I 0 3 9 8 7
14
100 101 102 103 104 105 106 107 108 109 110 111 112 113
3
I 1 1 55 I 4 1 66 I 7 1 77
10
1 3 5 7 9 11 13 15 17 19
3
I 0 1 0 I 2 1 2 I 4 1 4
11
2 4 6 8 10 12 14 16 18 20 22
1
I 5 2 99 99
10
10 9 8 7 6 5 4 3 2 1
1
I 10 2 0 0
13
0 13 26 39 2 15 28 41 4 17 30 43 6
1
I 2 2 123 456
10
42 42 42 42 42 42 42 42 42 42
2
I 0 2 1 2 I 5 2 3 4
