10
41 8 260
41 19 42 34 49 34 37 45 43 15 13 44 12 45 5 24 24 41 8 20 6 49 17 11 22 33 24 27 16 37 30 22 47 14 24 6 21 11 16 11 7
19 7 206
18 12 47 26 14 20 7 39 34 31 9 43 44 10 12 41 18 36 39
23 10 232
40 12 25 33 22 35 15 46 38 16 15 37 10 49 45 13 21 19 15 37 9 49 48
15 10 272
6 8 17 41 46 41 33 25 36 14 40 49 35 9 30
35 8 191
39 27 23 24 30 20 36 42 5 49 45 41 29 30 13 16 12 40 42 42 22 5 31 40 12 13 14 44 44 19 43 5 46 32 16
29 10 283
13 30 14 36 40 44 19 24 25 21 13 40 42 9 30 19 25 48 36 27 44 25 20 18 25 31 49 27 24
44 3 81
19 26 48 13 49 9 38 32 49 9 47 18 7 40 20 7 24 23 30 5 7 12 41 38 34 39 48 18 30 35 29 14 6 34 22 19 49 50 46 43 22 31 25 39
34 9 320
34 44 42 43 27 7 26 39 11 31 45 44 20 26 43 30 30 11 49 47 5 17 39 25 32 40 36 27 30 24 33 15 18 21
37 8 217
42 11 41 45 43 22 34 14 7 38 13 36 12 27 23 41 45 8 5 17 14 37 13 27 23 46 11 35 25 7 17 13 44 22 17 41 39
35 10 423
14 9 9 22 6 15 19 26 11 16 14 37 18 24 39 8 15 10 35 33 35 30 46 48 6 19 24 16 43 13 13 22 21 49 11
