10
5 7 1 5
1 2 15
1 3 12
2 3 5
2 4 10
3 4 7
3 5 10
4 5 15
7 9 1 7
1 2 100
1 3 100
2 4 50
3 4 50
4 5 30
5 6 100
5 7 100
6 7 50
2 3 10
6 6 1 6
1 2 20
2 3 15
3 1 10
4 5 30
5 6 25
4 6 15
6 10 1 6
1 2 10
1 2 15
1 3 20
2 4 15
3 4 10
3 5 15
4 3 5
4 6 25
5 6 20
5 6 10
18 28 1 18
1 2 17
1 3 30
1 4 42
1 5 42
3 7 41
4 9 44
5 6 23
5 8 48
5 9 25
2 7 30
6 10 27
7 10 26
7 11 39
7 12 34
7 13 46
8 12 50
8 13 34
9 10 30
10 14 43
10 16 38
10 17 31
13 17 14
11 17 19
12 14 45
14 18 39
15 18 40
16 18 44
17 18 26
32 76 1 32
1 2 81
1 3 61
1 4 95
1 5 49
1 6 80
2 11 42
3 8 24
4 10 67
5 9 89
6 7 17
6 8 96
7 16 39
8 13 29
8 15 62
9 12 62
9 15 30
9 16 84
10 12 74
10 16 45
11 13 74
12 17 80
12 18 81
12 21 90
13 17 22
13 20 57
13 21 24
14 18 6
14 20 14
14 21 49
15 20 65
15 21 43
16 18 24
17 23 84
17 24 81
17 25 95
17 26 56
18 22 87
18 24 74
18 26 87
19 22 96
19 24 87
20 24 28
20 25 59
21 23 28
21 24 38
22 28 27
22 29 66
22 30 72
23 30 16
24 28 90
24 29 8
24 30 25
24 31 92
25 29 96
25 30 77
26 30 38
26 31 60
27 32 31
28 32 23
29 32 97
30 32 17
31 32 55
25 27 16
5 18 25
10 20 9
11 31 25
7 10 21
4 2 31
29 30 21
15 2 8
5 9 6
11 5 11
23 19 27
12 26 34
21 22 7
31 14 25
52 133 1 52
1 2 24
1 3 11
1 4 24
1 5 19
1 6 18
1 7 26
1 8 8
1 9 26
1 10 16
1 11 21
1 12 26
1 13 13
1 14 17
1 15 14
1 16 16
1 17 6
1 18 28
1 19 27
1 20 18
1 21 5
1 22 14
1 23 27
1 24 15
1 25 14
1 26 28
27 52 29
28 52 30
29 52 8
30 52 14
31 52 29
32 52 18
33 52 15
34 52 23
35 52 5
36 52 22
37 52 15
38 52 11
39 52 22
40 52 6
41 52 28
42 52 8
43 52 10
44 52 24
45 52 8
46 52 8
47 52 6
48 52 9
49 52 21
50 52 16
51 52 24
2 27 12
2 40 14
2 45 13
2 31 13
3 51 8
3 40 25
3 48 5
4 44 23
4 27 30
4 48 18
5 35 16
5 31 14
5 34 9
5 27 11
5 44 5
6 32 2
6 44 21
7 37 24
7 47 11
7 43 2
7 51 22
8 47 16
8 34 2
9 48 30
9 43 24
9 31 29
10 49 11
10 38 28
10 34 7
10 44 12
10 35 12
11 47 19
11 41 10
11 44 7
11 42 6
11 48 21
12 31 23
12 42 14
12 27 26
12 38 2
12 43 21
13 29 18
13 36 24
13 38 9
14 49 29
14 50 1
14 30 18
15 49 19
15 45 2
15 36 13
16 44 17
16 43 4
16 47 3
16 48 5
16 32 24
17 37 24
17 44 19
17 35 22
17 36 26
17 28 7
18 36 5
18 44 13
18 38 7
19 46 16
19 47 14
20 51 17
20 44 1
20 32 6
20 50 11
21 32 17
21 27 22
21 30 29
22 38 12
22 29 10
23 44 20
23 31 8
23 46 5
24 37 4
24 42 28
25 39 20
25 35 10
26 38 30
26 42 16
74 253 1 74
1 2 25
1 3 76
1 4 41
1 5 55
1 6 68
1 7 54
1 8 20
1 9 18
1 10 21
2 13 33
2 14 60
2 16 68
2 18 64
2 19 49
3 12 80
3 13 24
3 18 20
3 19 61
4 11 74
4 13 23
4 15 42
4 18 75
5 12 68
5 18 50
6 11 56
6 13 76
6 15 79
7 12 9
7 17 31
8 12 76
8 15 17
8 16 33
8 18 26
9 11 58
9 15 39
9 17 75
10 14 49
10 15 66
10 16 46
10 18 67
10 19 66
11 21 64
11 22 40
11 25 79
11 26 57
13 22 14
13 25 37
14 24 35
14 25 70
14 27 32
15 20 67
15 21 46
15 22 55
15 25 75
15 27 23
15 28 78
16 20 9
16 21 43
16 23 39
16 26 26
16 27 11
17 25 70
17 26 74
17 27 57
17 28 46
18 20 70
18 21 5
18 22 50
18 26 8
18 27 29
19 20 60
19 21 26
19 22 68
19 23 25
19 28 31
12 24 61
20 33 30
20 34 15
20 35 25
20 36 31
21 29 59
21 30 23
21 34 51
21 35 66
22 31 23
23 30 37
23 32 64
23 33 72
23 37 15
24 30 62
24 32 78
24 36 45
24 37 18
25 29 26
25 31 10
25 33 71
25 34 47
25 36 65
25 37 64
27 32 32
27 33 9
27 36 71
27 37 60
28 31 71
28 32 72
28 33 52
26 30 18
29 41 11
29 42 26
29 45 26
30 38 76
30 39 62
30 41 64
31 41 16
31 42 13
31 43 5
31 44 10
31 46 74
32 38 71
32 40 11
32 42 55
32 44 6
33 40 26
33 43 40
34 38 14
34 40 77
35 38 68
35 40 53
35 41 68
35 44 50
35 45 80
35 46 37
36 38 53
36 44 73
36 45 8
36 46 27
37 40 65
37 42 69
37 45 5
38 47 57
38 49 42
38 51 5
38 53 34
39 47 54
39 52 62
39 55 45
40 48 75
40 49 32
40 51 56
40 52 46
40 53 17
40 54 21
41 48 75
41 49 74
41 51 38
41 52 62
41 53 70
41 54 30
41 55 60
42 48 53
43 48 73
43 55 49
44 49 72
45 47 8
45 48 32
45 49 55
45 53 8
46 47 55
46 48 49
46 53 5
46 54 13
47 61 75
47 63 28
47 64 49
48 56 61
48 59 75
48 63 64
49 58 65
49 59 17
49 63 74
50 57 26
50 58 23
50 61 60
50 64 14
51 60 79
51 61 72
51 62 58
51 63 76
52 57 38
52 58 80
52 60 71
52 61 38
52 62 36
52 63 30
53 56 45
53 59 48
53 63 18
54 60 53
54 61 50
54 62 49
55 56 57
55 60 74
55 62 47
55 64 37
56 65 32
56 66 34
56 67 51
56 71 73
57 65 18
57 67 13
57 70 80
57 73 61
58 67 41
58 69 61
58 70 11
58 72 73
58 73 55
59 66 78
59 70 5
59 71 17
60 65 64
60 67 46
60 68 42
60 69 18
60 70 54
60 71 55
61 65 78
61 67 33
61 68 37
61 69 73
61 72 33
62 65 22
62 66 29
62 69 80
62 71 29
63 69 73
63 70 76
63 71 33
64 67 63
64 68 18
64 69 20
64 70 58
64 71 45
64 72 21
65 74 16
66 74 18
67 74 47
68 74 65
69 74 21
70 74 35
71 74 35
72 74 79
73 74 11
150 600 5 145
5 82 84
82 53 147
53 9 125
9 83 105
83 26 76
26 145 30
92 148 127
126 110 16
88 93 52
139 66 143
135 89 104
138 21 6
111 120 14
11 121 38
122 104 31
92 32 68
31 63 109
58 54 72
55 118 3
32 10 136
122 90 45
101 34 51
78 46 79
111 74 109
112 143 111
52 23 102
97 95 56
140 147 126
68 82 62
85 141 23
50 69 48
21 118 46
57 58 80
105 120 117
11 71 75
24 12 71
119 87 18
100 135 131
111 81 108
24 31 72
31 15 134
34 64 84
148 82 58
68 70 4
73 44 145
71 124 72
118 133 20
141 33 69
69 102 3
46 101 24
95 104 144
2 144 1
18 15 5
11 81 34
5 6 126
14 5 28
114 14 51
40 127 52
57 10 96
116 9 52
10 80 135
129 123 115
136 25 108
103 20 27
79 103 62
92 22 21
2 48 8
63 131 62
10 13 79
2 53 1
2 80 43
100 51 114
23 111 127
26 87 90
46 63 12
21 36 108
113 11 131
24 39 116
122 6 87
128 45 150
44 53 131
18 49 51
126 16 33
125 26 132
108 32 95
143 31 35
150 28 75
126 6 104
121 88 81
67 140 81
15 109 102
59 85 25
102 128 107
133 38 82
149 119 51
66 141 24
36 69 31
117 42 97
68 58 105
102 39 133
44 147 7
45 4 136
35 80 40
40 7 76
35 104 42
134 58 120
7 94 12
98 16 31
139 134 143
116 3 77
32 81 31
119 138 14
27 60 60
37 88 46
99 94 112
50 121 135
36 120 102
9 131 35
25 104 28
45 25 49
136 89 103
16 117 11
6 43 33
55 140 104
149 101 86
53 67 57
33 126 76
102 82 83
9 17 52
93 31 14
14 112 50
125 19 122
19 32 44
70 58 61
94 19 107
87 142 94
10 143 105
140 5 27
84 65 56
28 100 20
11 50 7
38 46 90
1 41 28
91 41 1
95 31 22
70 137 36
65 30 131
55 74 30
146 5 136
35 55 131
104 17 59
96 34 30
34 48 45
56 134 97
53 126 137
119 125 102
12 75 4
93 79 44
74 100 134
84 74 39
66 36 115
111 69 19
41 126 80
66 114 104
103 11 71
120 23 58
59 101 14
93 88 6
73 148 101
94 117 3
147 106 13
87 110 68
57 59 53
131 120 43
100 140 124
119 28 3
103 73 66
74 103 79
12 63 118
46 7 81
107 139 63
33 108 100
2 123 87
100 129 98
91 21 105
78 140 15
128 144 135
45 12 64
147 111 44
47 9 149
137 114 105
147 86 64
128 23 29
2 7 146
133 128 105
6 8 46
131 33 43
4 127 5
23 109 38
134 67 80
48 128 133
37 14 98
40 71 69
56 17 120
113 70 109
99 70 54
43 54 29
111 122 113
115 41 22
74 24 96
56 75 77
114 101 113
35 90 45
17 137 148
10 54 56
44 19 33
111 102 131
107 41 43
120 23 57
135 49 31
45 145 70
126 24 96
8 33 96
39 47 15
126 76 44
87 99 83
127 146 129
49 121 25
125 104 56
76 84 39
111 9 110
67 81 1
19 20 75
96 74 106
9 147 111
93 137 73
85 12 8
118 69 134
83 30 73
140 30 1
29 54 61
17 96 110
11 67 8
142 51 119
131 19 85
108 17 4
19 16 30
148 87 74
68 80 97
17 94 27
91 125 90
64 35 18
13 44 90
75 147 10
43 17 141
130 16 73
150 85 64
20 77 46
57 125 59
56 98 145
114 145 82
25 107 135
84 74 37
69 119 78
68 131 3
86 150 69
129 12 97
95 94 134
91 112 36
84 47 137
70 83 112
20 134 108
55 67 8
89 103 21
56 96 127
93 6 106
150 74 41
107 99 139
31 79 54
64 20 120
21 70 57
8 126 71
118 116 114
99 50 143
133 104 146
19 138 3
79 70 20
134 111 18
60 65 12
110 81 109
59 27 70
49 150 93
71 104 29
131 16 115
90 98 113
137 29 127
38 72 100
103 76 20
44 38 4
48 129 69
141 87 33
86 142 6
41 95 120
114 137 17
125 97 133
132 127 131
65 147 148
104 31 126
118 139 89
82 126 87
106 110 3
96 93 75
136 49 106
126 16 139
140 127 129
87 49 18
101 48 67
78 133 117
18 126 116
67 134 52
105 72 11
52 36 4
19 146 23
114 44 36
14 53 84
117 88 9
81 136 11
122 126 120
130 87 78
91 122 23
8 29 99
150 148 46
55 136 49
36 115 23
124 72 81
32 71 55
82 31 31
84 148 54
128 132 116
49 104 104
124 79 124
20 79 120
51 36 58
24 43 70
95 35 141
125 123 30
58 45 115
70 65 4
76 58 11
147 107 72
45 134 41
80 53 32
77 55 51
87 148 24
132 53 131
26 75 86
122 73 75
19 84 138
98 102 44
121 20 35
94 39 7
77 37 102
95 18 21
100 47 101
87 139 61
92 16 46
121 20 13
93 38 139
102 91 149
79 110 6
83 89 24
131 57 14
5 10 116
18 80 99
84 94 85
116 46 44
53 69 134
138 134 60
13 44 39
103 88 66
9 133 134
44 57 61
129 69 54
1 88 1
109 30 33
37 113 95
84 60 85
80 144 62
68 73 128
69 79 90
21 145 82
93 49 43
139 23 119
12 50 105
24 49 143
114 55 3
64 115 94
37 106 131
2 81 127
134 105 14
84 30 142
56 122 104
30 38 88
62 149 143
48 88 122
84 61 117
10 121 50
7 129 3
146 13 138
99 41 115
120 58 34
108 71 72
84 41 127
76 58 108
142 3 69
53 31 12
75 27 126
41 104 23
71 35 44
86 27 83
39 20 102
87 124 103
115 92 40
105 6 94
144 23 135
131 89 139
148 50 133
57 41 8
115 122 10
25 58 23
115 88 128
8 100 13
31 102 97
124 99 78
69 115 116
131 62 128
111 130 149
31 120 117
111 16 49
75 33 49
100 81 148
108 97 12
47 112 141
64 113 86
69 118 72
26 85 73
127 122 49
56 49 118
73 60 109
100 49 4
79 66 101
25 144 24
31 130 61
55 26 122
138 48 14
82 80 2
80 148 29
96 56 47
27 107 130
124 6 120
129 74 68
52 22 117
60 108 123
90 23 48
128 41 96
90 83 110
84 29 113
80 128 33
107 11 14
22 36 16
45 100 100
48 114 119
54 108 115
110 101 110
124 19 97
124 51 19
110 70 140
146 26 146
132 72 8
54 121 145
120 75 97
42 35 78
92 3 12
65 115 30
142 80 141
8 128 141
42 106 89
92 10 78
56 127 65
77 4 39
90 43 26
146 109 12
123 112 63
137 109 81
56 90 29
12 75 121
13 136 116
105 23 61
124 87 12
65 148 125
28 102 44
35 100 47
74 146 47
30 115 7
116 142 130
127 77 87
68 147 34
141 68 83
33 35 43
88 7 66
60 84 22
148 113 109
12 70 51
74 54 142
23 114 40
22 104 140
50 87 99
132 26 112
46 20 5
67 130 29
15 61 84
48 73 123
132 116 94
52 10 9
91 12 47
126 117 96
116 79 130
137 124 139
22 10 19
4 130 26
12 35 52
35 9 53
16 111 96
69 128 128
21 33 61
128 110 41
137 126 45
10 69 90
64 52 18
103 30 136
142 25 68
80 51 49
114 102 5
9 24 42
22 47 13
98 99 110
30 38 3
84 86 145
60 39 141
34 85 6
127 13 23
65 105 94
115 107 17
33 109 91
35 65 147
23 52 142
26 32 70
99 45 12
54 44 87
130 139 63
35 122 26
97 49 53
149 36 138
85 28 10
13 44 146
76 48 73
78 41 32
72 64 31
59 82 121
121 40 27
4 141 63
86 116 145
148 102 32
84 50 14
87 93 37
31 27 22
29 106 131
125 36 142
84 68 9
28 83 105
119 47 28
109 29 19
48 26 30
101 141 68
73 90 90
142 66 18
85 126 14
134 49 71
8 138 57
78 57 79
17 27 1
126 7 18
68 123 140
68 149 33
9 75 8
73 17 135
6 89 60
87 9 17
145 27 150
100 81 37
250 1200 1 250
1 12 154
12 65 90
65 166 59
166 77 20
77 104 71
104 250 99
9 193 118
98 74 26
94 33 77
149 122 117
6 86 60
60 99 85
97 38 175
195 182 16
16 29 25
6 142 114
83 246 58
12 128 4
194 177 4
184 166 30
89 177 56
128 155 26
4 25 116
35 230 123
32 193 120
44 34 78
189 82 150
208 148 73
145 224 195
15 72 96
37 146 183
63 168 23
202 49 24
51 148 8
2 177 166
185 40 110
69 188 69
10 162 144
30 134 109
155 85 162
53 101 10
234 98 101
197 247 31
55 46 69
155 186 98
162 92 179
210 107 171
173 180 125
147 150 93
161 26 118
145 71 109
76 63 33
29 186 11
128 210 120
248 33 180
214 82 125
83 204 94
175 12 154
15 9 194
141 64 10
239 55 75
95 70 148
57 85 39
159 230 115
88 11 126
120 114 51
243 152 70
71 205 5
93 32 77
189 56 132
27 88 148
104 70 180
190 20 10
49 187 70
187 10 121
86 26 43
40 226 142
166 7 136
185 88 111
161 190 160
219 16 61
221 97 61
74 214 95
75 111 39
172 106 129
245 249 87
187 248 169
184 118 33
29 54 14
96 28 110
203 233 166
195 29 105
118 97 87
2 87 182
38 105 85
236 23 192
113 14 58
62 167 163
110 148 170
154 168 101
92 50 133
102 80 142
35 49 122
243 109 134
85 210 140
190 224 56
74 217 35
210 128 87
203 215 93
101 11 198
176 54 198
220 65 151
107 222 180
10 237 41
55 126 39
187 246 180
156 99 174
20 61 27
124 138 81
163 125 20
230 12 68
44 66 160
31 140 132
69 126 136
96 87 166
44 206 198
242 205 192
173 190 36
198 136 86
237 49 155
86 150 132
159 51 184
47 36 97
160 193 55
27 14 158
88 26 170
18 114 150
3 184 36
117 125 90
236 223 37
22 233 106
42 24 70
227 68 186
108 26 60
72 213 56
179 206 179
215 176 200
158 188 149
148 173 160
82 181 147
98 87 66
198 165 108
39 237 9
93 84 72
141 152 83
220 194 129
107 69 164
37 34 57
163 188 143
100 26 106
173 208 47
85 135 147
98 186 98
235 77 187
152 184 81
197 3 117
234 247 197
20 53 93
62 187 80
145 201 64
100 205 140
104 60 103
191 190 117
182 231 140
221 13 13
109 80 31
119 62 165
241 91 145
111 80 131
92 38 100
216 182 136
32 174 130
142 187 22
36 8 110
170 69 20
158 123 23
199 27 7
4 84 178
38 232 70
146 7 12
120 84 197
32 67 187
231 40 154
63 8 168
145 46 73
23 3 144
4 80 13
84 126 194
73 76 73
239 172 136
99 5 125
242 230 21
250 150 99
70 102 117
209 197 131
198 58 28
134 226 71
93 64 189
178 186 178
25 70 83
59 240 2
40 88 78
77 21 161
48 22 25
121 163 194
73 4 95
82 71 86
137 149 40
207 3 73
43 175 11
70 108 137
125 247 153
162 4 20
192 32 35
81 28 176
214 87 123
249 220 137
160 119 164
175 221 148
174 67 129
97 193 67
13 46 103
122 29 143
193 184 107
142 67 23
164 109 133
246 218 96
156 110 150
190 182 7
59 12 120
72 132 160
158 22 154
126 150 88
24 11 6
187 92 72
106 84 154
227 142 104
237 86 140
79 237 173
178 101 22
145 89 128
51 205 65
134 28 51
37 119 134
84 52 141
30 214 43
158 104 62
70 117 104
167 160 138
99 6 70
16 184 168
241 210 30
210 243 67
232 244 132
106 191 22
176 47 70
196 211 194
17 94 195
120 70 63
208 134 182
173 152 9
55 47 127
15 105 159
129 59 69
206 30 158
10 61 190
226 216 45
128 234 22
150 38 122
42 235 67
201 60 169
44 239 158
212 133 177
160 101 164
161 136 108
121 10 61
168 203 100
68 34 186
123 10 94
126 220 81
84 71 6
137 23 157
178 250 87
238 1 127
59 159 196
45 146 37
60 148 32
30 53 19
128 216 11
195 236 155
13 218 185
92 125 68
215 165 125
221 27 148
108 170 107
141 51 31
69 152 163
180 141 89
1 157 54
66 173 45
225 56 7
73 5 83
78 17 136
116 173 181
58 92 160
44 138 185
76 108 54
21 44 19
204 38 116
173 197 124
151 46 109
45 124 13
24 22 126
122 178 172
210 250 194
71 65 109
199 95 27
44 180 48
157 41 96
185 126 160
15 135 22
119 58 100
45 24 129
67 215 26
232 197 88
208 235 83
67 132 178
183 110 7
188 138 8
167 246 171
229 39 189
45 201 188
166 42 51
48 237 178
70 81 108
84 1 81
67 57 189
68 79 39
83 64 25
195 247 45
2 30 180
78 166 28
37 150 70
55 42 177
24 197 76
72 82 102
88 50 168
49 246 181
136 238 37
53 162 190
190 42 132
242 231 57
126 122 77
203 248 129
96 13 22
45 46 129
38 36 43
222 130 74
151 142 14
118 204 169
55 5 66
225 112 196
167 83 42
59 149 11
194 49 88
147 4 196
140 88 84
175 70 114
151 12 200
140 79 92
65 63 55
138 161 61
154 150 8
131 207 80
26 241 112
80 229 80
19 183 55
240 46 4
114 110 96
164 64 100
66 101 13
76 136 133
146 179 106
228 201 24
123 215 142
68 10 69
230 21 158
73 98 14
237 106 95
72 36 107
129 22 181
127 50 90
62 28 99
193 25 193
113 229 83
148 31 31
240 194 87
14 165 196
111 8 44
22 227 57
55 26 17
28 247 67
91 67 160
214 78 193
84 186 148
193 154 173
125 26 138
18 112 75
115 250 53
57 3 142
102 157 65
53 43 152
180 131 76
67 65 98
86 162 61
125 2 85
211 223 98
40 218 1
25 53 145
191 214 28
80 26 34
213 62 40
164 89 15
19 190 121
133 61 168
40 234 99
165 187 64
246 50 182
242 202 185
104 143 117
237 163 101
192 80 139
200 229 15
121 204 103
187 231 185
20 64 80
41 6 128
219 113 169
208 148 68
32 171 97
90 83 128
34 130 90
72 123 101
229 174 112
166 128 113
98 197 60
72 242 68
130 144 32
7 44 192
53 146 57
90 197 172
185 20 166
139 165 108
60 205 96
227 78 73
109 66 72
218 51 52
45 149 76
185 57 187
8 63 14
67 151 79
219 31 197
127 63 91
238 125 167
169 41 4
239 121 32
8 17 167
249 56 100
250 234 44
126 1 52
199 10 180
236 80 98
196 201 19
192 194 180
136 109 107
155 80 22
81 90 195
221 195 51
191 165 196
106 204 190
52 87 80
151 48 112
77 10 134
137 236 104
44 220 28
170 235 81
204 77 121
243 122 187
26 221 193
36 164 127
173 189 77
101 249 39
37 243 30
9 41 33
197 156 200
132 220 88
249 240 138
247 139 135
148 222 90
23 7 133
138 35 141
63 39 82
202 147 65
221 225 174
140 160 62
174 240 197
81 76 148
30 78 106
171 96 38
85 246 130
52 45 65
200 61 112
57 18 143
179 201 79
193 179 122
202 98 168
173 162 138
65 43 72
152 17 86
194 133 134
177 21 185
144 17 159
250 2 179
102 58 174
126 248 172
127 30 24
119 35 160
182 169 78
38 95 100
209 65 153
58 49 94
67 89 95
165 222 107
48 2 196
196 242 119
240 53 51
114 66 82
209 157 35
238 109 15
35 157 58
213 41 87
142 51 140
218 86 30
227 220 83
56 65 137
167 35 132
109 69 176
98 80 43
235 187 142
146 239 80
47 149 138
232 221 176
200 123 59
224 64 143
49 111 109
44 215 168
246 224 4
220 43 37
157 44 187
9 10 176
40 156 158
124 143 21
83 77 123
135 96 14
179 76 43
24 212 4
213 195 49
120 119 129
94 151 122
64 152 178
37 190 119
17 248 7
201 238 11
170 29 169
116 32 86
228 140 75
173 223 105
133 183 50
232 92 170
226 224 12
80 4 173
105 18 136
118 38 90
34 67 8
108 181 139
108 61 185
3 60 127
76 185 140
67 86 55
142 22 4
94 148 129
200 21 50
74 20 126
12 64 17
56 108 195
38 76 156
217 59 36
125 160 100
197 7 49
14 144 176
188 191 91
113 101 57
50 227 120
95 93 128
139 219 149
122 1 39
140 81 168
163 39 71
190 23 53
39 195 70
130 56 77
244 14 162
119 134 49
76 239 34
79 25 89
199 70 111
132 226 48
114 130 176
46 95 92
74 10 96
60 114 53
124 218 68
6 172 1
36 78 9
217 154 198
197 75 161
74 228 15
181 244 164
128 72 25
24 51 149
125 241 74
18 82 200
7 248 164
81 225 4
32 128 161
20 80 26
186 117 105
86 181 172
146 204 187
10 209 24
147 78 43
88 92 38
170 229 170
200 105 158
203 67 31
107 139 56
192 119 15
197 191 138
63 150 194
248 112 77
142 161 192
140 237 37
140 83 180
238 162 113
250 47 161
157 149 89
233 136 76
215 230 127
174 15 198
41 242 112
86 78 64
189 34 67
86 167 26
95 94 126
243 99 16
72 236 188
155 98 65
222 235 46
195 175 126
116 224 181
89 31 90
19 147 161
175 122 178
70 121 46
121 118 135
89 175 146
240 247 58
38 39 190
108 154 90
30 170 179
139 197 60
90 7 135
79 121 44
236 57 129
118 62 170
183 211 49
216 181 95
90 227 59
80 56 32
33 182 92
85 176 160
235 12 46
196 34 34
147 128 128
172 232 114
149 116 98
88 104 95
183 95 76
118 180 44
42 175 200
91 111 183
118 35 22
134 114 133
166 222 128
221 6 18
234 34 96
202 16 40
217 150 151
50 207 191
185 51 82
27 114 124
98 138 115
73 93 179
213 99 85
212 163 194
7 13 22
136 90 50
149 123 97
156 189 156
143 23 186
188 29 146
22 162 17
180 46 120
153 151 53
24 161 88
61 25 198
32 55 11
96 216 120
28 121 137
107 95 165
187 183 102
30 13 14
249 99 110
48 235 188
51 64 73
81 87 21
211 48 176
116 198 41
12 50 7
227 34 64
35 85 199
122 13 133
219 236 116
209 74 5
121 65 5
114 142 183
248 122 47
132 33 144
207 82 116
37 53 151
126 54 61
22 39 19
153 102 5
20 50 70
4 73 92
126 104 94
111 133 131
230 94 69
189 128 16
164 98 124
113 132 8
90 118 103
188 206 65
29 137 12
13 51 80
154 209 147
118 236 111
194 173 34
186 93 108
165 153 30
233 89 25
121 239 82
7 183 120
84 114 45
32 100 39
230 75 52
192 106 186
103 120 65
85 53 122
9 171 142
110 124 45
142 34 11
80 125 44
133 17 113
127 106 180
4 55 148
224 196 154
169 244 126
39 65 163
98 51 117
213 112 122
61 114 181
245 134 164
194 225 81
56 6 67
244 44 123
122 37 12
150 163 47
35 208 109
188 70 26
223 3 50
174 85 24
127 172 14
79 52 91
91 100 129
61 132 194
234 34 5
140 4 19
162 211 21
178 240 170
37 95 11
220 2 112
191 92 64
175 7 144
33 137 2
132 129 100
76 35 32
25 249 94
38 246 103
243 61 179
185 247 81
212 44 189
233 62 28
197 142 16
103 150 140
70 241 15
122 60 128
71 36 10
102 25 113
120 174 96
47 204 195
178 95 145
10 109 25
128 169 103
70 189 19
23 200 84
122 125 97
223 59 177
186 25 29
202 94 91
171 26 38
220 183 97
40 234 186
156 67 105
85 195 60
58 139 164
125 249 155
232 89 34
33 147 4
229 242 121
114 124 189
121 235 33
143 131 66
40 15 102
44 10 87
64 65 87
220 69 117
28 175 20
32 164 19
44 91 188
114 62 97
2 114 177
52 216 90
77 215 48
23 38 3
136 12 181
218 142 53
54 193 61
247 34 60
17 160 197
97 196 123
10 121 166
72 220 68
202 11 25
139 123 139
248 82 151
127 6 43
213 179 154
170 203 71
13 6 167
160 74 194
150 46 180
234 59 188
141 186 160
156 131 190
120 243 197
112 118 111
59 74 16
111 8 193
18 101 71
141 231 119
170 201 178
33 133 121
159 6 13
92 156 37
248 83 111
87 116 5
129 95 40
151 85 192
78 200 187
31 181 181
210 86 54
238 166 117
68 18 141
241 169 63
122 21 9
47 63 191
157 61 47
7 235 128
32 210 27
111 101 65
164 67 119
45 110 111
8 241 52
154 73 190
8 98 5
138 237 4
65 164 165
17 230 161
148 247 59
34 82 190
196 134 36
128 226 83
193 133 24
195 200 65
121 187 133
60 232 186
219 160 76
37 199 90
218 168 98
117 221 113
98 147 95
158 55 173
239 88 12
187 169 54
89 182 17
220 104 172
243 175 172
27 188 7
186 245 162
210 132 150
82 175 130
127 136 30
27 85 136
94 184 105
11 92 45
234 39 93
35 120 163
12 67 194
9 40 105
175 182 170
185 211 67
66 155 85
78 220 193
29 77 180
149 91 2
87 66 152
250 56 14
64 50 7
186 200 162
50 170 41
232 132 54
46 112 185
173 102 180
158 115 96
120 153 128
161 62 117
154 179 29
30 35 55
188 92 40
32 125 10
213 229 112
91 99 163
66 79 164
149 65 146
27 85 165
131 229 101
156 20 82
238 143 159
199 56 125
217 87 112
117 141 45
183 202 33
220 69 178
124 72 8
121 28 131
11 230 23
30 48 15
141 201 196
61 208 32
29 73 174
167 10 79
172 207 35
63 174 180
161 109 32
166 234 101
180 79 78
203 205 117
176 187 21
88 53 48
61 166 40
120 148 73
123 69 78
82 126 129
229 111 178
16 166 150
66 103 198
42 154 186
120 41 25
133 225 171
76 56 161
225 131 105
19 95 12
198 129 107
28 114 35
31 73 167
149 109 191
94 74 14
200 209 119
166 184 150
48 26 166
30 209 47
191 92 150
18 167 60
206 141 159
246 245 14
182 9 23
249 41 87
140 223 63
77 141 133
83 17 174
171 3 131
209 87 101
42 154 160
91 169 127
202 182 179
185 223 177
187 8 187
48 219 30
18 147 128
188 70 160
185 109 165
60 185 82
91 95 99
87 144 74
208 99 80
168 13 48
208 223 85
82 72 131
107 147 34
180 94 38
76 92 127
60 43 29
66 220 128
232 88 188
249 89 61
26 58 10
137 230 151
202 185 154
149 131 111
21 40 23
21 225 53
161 163 29
233 110 32
94 145 108
165 145 146
135 243 198
177 198 186
203 189 27
51 138 106
147 175 70
194 31 50
228 74 10
197 24 107
163 249 75
4 94 15
22 239 17
108 162 89
146 210 141
62 85 71
1 210 159
180 96 1
38 83 147
192 34 82
101 209 168
240 82 70
11 176 83
82 67 120
178 108 198
196 198 56
62 92 91
137 142 177
183 56 83
225 31 165
207 9 89
242 82 84
121 66 44
203 190 58
180 55 34
89 101 122
25 214 15
67 176 39
22 154 7
91 215 47
126 29 119
169 238 68
241 53 134
67 135 116
27 183 168
69 89 124
123 249 97
221 235 11
153 123 60
172 183 10
182 33 191
161 31 110
90 33 108
134 100 2
89 36 142
14 16 37
76 173 56
123 32 77
218 170 75
21 163 56
67 186 85
71 10 120
187 200 65
54 208 40
219 145 55
234 72 132
151 163 150
242 195 37
127 246 140
160 242 82
215 216 18
44 186 34
41 174 27
15 67 165
161 163 146
192 116 179
184 245 159
150 188 135
8 92 116
64 99 92
116 7 1
56 201 69
180 232 188
124 240 171
28 214 166
9 122 34
96 216 3
29 240 195
173 205 24
213 20 163
5 191 107
61 23 159
113 59 45
27 53 193
145 78 68
238 43 164
59 121 88
69 245 7
101 212 32
124 19 143
110 166 25
199 223 181
113 6 177
15 75 153
161 208 114
75 246 89
149 218 82
14 99 17
12 138 21
136 206 24
137 166 126
35 203 37
37 103 91
79 51 171
67 164 196
17 186 61
176 232 146
170 55 111
92 95 109
158 194 77
236 49 97
93 137 160
156 192 32
67 57 74
99 244 28
174 52 1
