10
4 7 3 1
0 0 0 0
0 0 1 0
1 0 0 0
0 0 0 0
4 5 1 2
0 0 0 0
0 0 0 0
0 0 0 0
1 0 1 0
4 5 1 0
0 0 0 0
0 0 0 1
0 0 0 0
0 0 0 0
5 6 3 3
0 0 0 0 0
0 0 0 0 0
0 0 0 1 0
0 1 0 0 0
1 1 0 0 0
4 6 2 3
0 1 1 1
0 0 0 0
0 0 0 0
0 0 0 0
5 5 0 3
0 0 1 0 1
0 1 1 0 1
1 0 0 0 0
0 0 1 0 0
1 0 0 0 0
5 6 0 1
0 0 0 1 0
1 0 1 1 0
0 0 0 0 0
0 1 1 0 0
0 1 0 0 1
5 5 1 0
0 0 1 0 0
0 0 0 1 0
0 0 0 1 0
0 0 0 0 0
1 1 0 1 0
5 6 0 0
0 1 0 1 1
1 1 0 1 0
0 1 0 0 1
0 0 0 0 1
0 0 1 0 0
5 5 2 1
0 1 1 0 0
1 0 1 0 0
0 0 1 0 0
0 1 0 0 0
0 1 0 0 0
