1
1111111111111111
1210000000000011
1011101111111011
1000000000100011
1110101110101011
1010101000100011
1010111011101011
1010000400000011
1011111110111111
1000000000100011
1011101110111011
1010001000100011
1011111011101011
1000000000001311
1111111111111111
1111111111111111
2
1111111111111111
1200000010000011
1111111010001011
1000001010101011
1011101011101011
1000101000101011
1010101110101111
1010101410100011
1010111110101011
1010001000101011
1011101011111011
1000100000000011
1110111110111011
1000000000100311
1111111111111111
1111111111111111
