10
12
-38 -29 -42 27 -6 -9 50 20 3 9 4 22
38
16 -9 21 20 6 -32 2 0 -42 3 -14 -32 -25 -32 -11 -23 38 34 46 42 14 -24 -37 -38 -1 29 43 -42 -17 42 27 -3 -45 -42 -38 -23 -47 -32
25
-19 -15 -31 11 30 -40 39 -8 31 -17 18 16 3 -46 -18 -40 44 -35 -11 0 33 -16 -31 35 12
50
32 30 10 -26 -15 18 -27 30 1 -23 33 -16 2 12 48 3 -17 35 22 -42 18 -5 36 14 23 -2 -43 -40 6 41 5 -34 -35 38 -4 13 -24 -47 47 0 -2 39 -19 29 -17 6 -31 -43 -14 -36
45
14 -43 13 7 25 -25 27 42 20 -7 -40 -35 0 46 -29 46 21 -42 37 -41 39 40 46 9 46 -33 18 12 24 40 18 40 -7 -35 -2 -1 14 -18 29 49 12 -20 -44 49 -30
15
-14 -50 39 -41 32 35 -33 -15 -26 -36 -13 47 -24 -4 23
47
-50 12 -37 20 -11 23 -3 -49 -35 19 1 -13 23 20 -11 -1 44 -17 11 0 34 -49 17 13 23 -30 -45 42 48 -31 -8 35 33 25 27 -24 8 -6 -1 -9 -11 -41 1 -44 -33 45 -8
22
-6 -4 -29 12 6 -13 -7 -32 3 -16 -21 -7 -32 -38 36 -4 9 -3 12 33 41 -48
20
46 -18 49 -47 -38 -39 41 -26 -28 12 -13 31 -36 -32 23 34 5 -38 -38 8
32
16 -22 -21 14 -13 -11 -29 -4 17 -43 6 -30 -19 -12 6 13 -17 50 14 -38 -8 -21 7 -23 -37 -16 -34 20 20 5 43 -38
