10
7 548
137 24
136 78
64 25
120 20
109 68
130 43
149 16
8 488
105 57
78 62
99 36
72 61
65 69
56 45
68 58
108 30
6 257
66 31
21 13
121 40
57 67
61 59
69 26
5 185
83 79
149 56
94 71
106 61
107 17
9 546
131 31
84 16
81 45
131 25
146 16
85 38
57 49
34 77
103 37
10 585
105 23
136 61
23 29
49 71
141 79
69 14
50 66
73 30
31 16
119 70
5 88
70 27
83 37
60 21
44 25
29 42
11 273
29 62
129 19
141 44
135 61
107 43
136 22
69 34
84 39
126 16
57 59
73 44
9 157
97 48
29 12
26 21
95 55
79 51
123 66
22 14
40 33
76 20
10 506
56 67
60 35
20 37
23 30
101 80
149 44
121 19
64 68
117 27
117 65
