10
18
17 2 3 12 6 14 4 18 15 16 8 11 1 9 5 7 13 10
12 3 14 6 2 18 4 16 8 15 17 9 1 11 7 5 10 13
9
1 8 5 3 7 9 2 4 6
5 8 3 1 2 9 7 4 6
6
5 1 3 2 4 6
1 2 3 5 4 6
20
20 17 15 3 13 8 18 11 2 1 10 4 5 19 12 7 16 14 6 9
8 13 3 15 18 17 2 1 11 20 19 5 4 12 10 16 14 7 9 6
5
5 3 1 4 2
3 1 5 4 2
8
6 1 8 4 5 2 3 7
1 6 5 2 4 3 8 7
13
4 9 3 7 12 6 2 13 10 11 5 8 1
7 3 9 12 2 6 13 4 10 8 5 11 1
18
17 9 7 10 15 4 8 3 13 14 1 18 2 16 11 6 5 12
10 15 4 7 9 3 8 14 1 13 17 2 18 6 11 12 5 16
17
2 15 4 5 8 13 14 10 3 6 12 1 16 9 11 7 17
4 15 8 5 13 2 12 6 3 10 9 16 1 14 7 11 17
19
16 3 18 19 1 5 15 2 11 8 14 6 9 4 7 10 12 17 13
15 5 1 19 2 18 11 8 3 14 6 9 16 7 4 12 17 10 13
