10
6 9
1 2 18
1 3 42
2 3 30
2 4 45
3 4 16
3 5 44
4 5 38
4 6 16
5 6 26
1 6
9 15
1 2 16
1 3 45
2 3 32
2 4 8
3 4 48
3 5 43
4 5 32
4 6 13
5 6 6
5 7 35
6 7 32
6 8 26
7 8 33
7 9 42
8 9 19
1 9
7 11
1 2 27
1 3 16
2 3 32
2 4 12
3 4 25
3 5 20
4 5 46
4 6 32
5 6 38
5 7 36
6 7 16
1 7
15 27
1 2 25
1 3 12
2 3 31
2 4 6
3 4 14
3 5 26
4 5 34
4 6 28
5 6 28
5 7 43
6 7 44
6 8 5
7 8 40
7 9 13
8 9 5
8 10 49
9 10 21
9 11 32
10 11 41
10 12 8
11 12 39
11 13 14
12 13 18
12 14 50
13 14 16
13 15 5
14 15 18
1 15
11 19
1 2 17
1 3 36
2 3 41
2 4 43
3 4 46
3 5 12
4 5 5
4 6 16
5 6 20
5 7 17
6 7 42
6 8 18
7 8 45
7 9 16
8 9 6
8 10 28
9 10 29
9 11 48
10 11 30
1 11
6 9
1 2 26
1 3 50
2 3 42
2 4 33
3 4 29
3 5 25
4 5 21
4 6 43
5 6 22
1 6
15 27
1 2 30
1 3 29
2 3 29
2 4 36
3 4 5
3 5 28
4 5 32
4 6 36
5 6 41
5 7 17
6 7 50
6 8 36
7 8 14
7 9 46
8 9 30
8 10 29
9 10 12
9 11 10
10 11 45
10 12 8
11 12 9
11 13 48
12 13 38
12 14 41
13 14 35
13 15 28
14 15 35
1 15
9 15
1 2 16
1 3 47
2 3 22
2 4 14
3 4 25
3 5 18
4 5 42
4 6 48
5 6 22
5 7 19
6 7 16
6 8 46
7 8 9
7 9 9
8 9 21
1 9
11 19
1 2 50
1 3 29
2 3 25
2 4 5
3 4 27
3 5 17
4 5 38
4 6 22
5 6 8
5 7 8
6 7 6
6 8 20
7 8 28
7 9 14
8 9 45
8 10 40
9 10 45
9 11 41
10 11 20
1 11
9 15
1 2 50
1 3 12
2 3 5
2 4 47
3 4 40
3 5 41
4 5 31
4 6 36
5 6 21
5 7 9
6 7 14
6 8 18
7 8 8
7 9 33
8 9 38
1 9
