#1 45 34 34 29 29 34 24 24 27 33 33 48 48 48 14 14 14 53 53 53 28 28 24 28 38 38 38 38 35 35 38
#2 26 50 68 76 77 79 77 10 10 39 69 42 80 60 60 58 50
#3 49 66 66 66 52 52 48 44 48 35 35 33 33 33 33 33 21 50
#4 77 39 23 23 23 23 23 39 39 55 39 38 31 38 31 38 38 40 40 41 50
#5 51 51 52 73 77 57 57 57 57 57 49 65 65 72 76 76 58 84 58 53 49 44 44 44 44 44 21 21 45 58
#6 60 61 57 54 28 57 62 57 42 28 42 57 57 57 57 57 72 57 46 34 28 28 38 38 28
#7 50 31 50 11 11 11 55 55 55 55 67 52 36 36 52 41 35 41 41 18 14 14 14 35 39 39 39 43 39 43 43 43 48 48 48
#8 35 51 56 56 56 56 56 40 40 40 64 77 79 77 77
#9 24 24 77 77 33 33 52 53 73 73 18 18 26 26
#10 66 66 66 66 45 39 39 39 23 23 23 23 23 42 30 30 30
