10
6
0 34 34 54 16 50 30
51 0 27 32 37 56 12
39 12 0 10 52 34 21
8 47 46 0 18 26 19
24 58 54 18 0 16 14
17 27 28 45 31 0 58
18 30 34 40 22 55 0
8
0 15 59 46 45 12 16 5 43
30 0 14 54 59 41 15 17 15
58 6 0 47 20 33 56 45 29
13 44 40 0 53 8 43 20 50
44 54 37 50 0 23 49 42 26
38 48 26 39 59 0 28 35 30
53 8 57 11 24 46 0 32 21
20 59 57 50 50 32 54 0 37
56 36 42 21 14 8 48 42 0
7
0 15 8 53 22 50 49 12
50 0 8 55 43 19 24 38
44 18 0 46 56 52 51 41
27 26 34 0 5 49 12 35
17 57 38 12 0 51 43 18
7 29 51 11 30 0 48 50
14 44 47 46 35 39 0 7
49 33 15 8 56 35 60 0
5
0 17 20 15 11 7
13 0 18 46 10 12
21 9 0 49 51 30
7 39 32 0 35 33
26 49 34 38 0 17
43 42 59 21 31 0
6
0 57 18 58 31 9 43
22 0 30 59 21 58 50
11 17 0 19 8 29 22
5 22 55 0 24 7 6
57 40 23 19 0 30 5
46 10 19 24 46 0 46
51 45 6 59 10 57 0
7
0 25 48 33 7 51 54 16
10 0 6 49 44 59 27 59
56 40 0 14 15 49 5 48
52 5 50 0 25 37 30 16
29 29 51 33 0 17 18 15
43 58 41 40 22 0 9 45
34 45 52 13 32 42 0 59
42 37 12 46 24 13 60 0
5
0 42 44 19 8 30
56 0 34 32 50 27
60 10 0 9 7 33
31 6 41 0 14 35
11 49 10 23 0 45
48 11 40 41 58 0
6
0 13 53 40 42 14 15
27 0 52 41 29 50 51
11 46 0 58 36 58 25
12 48 55 0 35 58 23
19 52 54 54 0 27 19
7 5 19 37 12 0 40
10 13 35 45 8 52 0
8
0 27 37 35 18 36 8 47 59
37 0 42 21 6 43 38 38 57
54 11 0 49 16 7 42 50 19
34 49 5 0 12 19 28 25 12
45 24 11 24 0 24 60 49 33
44 17 25 10 15 0 26 43 54
46 44 14 17 50 32 0 10 10
25 43 18 25 22 14 47 0 12
33 53 6 18 38 15 35 52 0
5
0 58 39 33 27 5
10 0 36 8 32 29
14 17 0 32 16 18
22 21 18 0 23 30
30 21 26 6 0 51
22 20 59 38 16 0
