10
12 17
1 2 8
1 3 23
1 4 12
4 5 8
2 6 38
1 7 40
5 8 8
6 9 26
2 10 42
2 11 50
11 12 14
11 8 11
10 5 39
5 6 14
8 2 5
1 3 39
2 2 6
9 12
1 2 14
1 3 37
2 4 10
3 5 29
1 6 32
4 7 11
6 8 45
3 9 42
5 6 40
2 9 1
5 9 2
7 9 4
5 9
1 2 1
1 3 33
2 4 9
3 5 45
3 2 3
3 1 11
1 3 14
4 1 35
3 5 18
7 14
1 2 22
2 3 19
1 4 1
3 5 3
4 6 34
1 7 11
4 1 22
5 5 23
1 1 42
7 6 38
5 1 20
1 5 3
3 1 10
6 4 35
6 11
1 2 32
2 3 12
1 4 40
2 5 28
5 6 10
4 1 32
4 2 20
6 4 31
2 4 29
6 4 5
4 4 4
11 17
1 2 40
1 3 41
2 4 23
1 5 3
1 6 39
2 7 34
3 8 14
4 9 12
6 10 42
5 11 15
11 9 16
9 7 12
2 6 10
3 1 44
4 11 43
2 3 16
5 10 43
11 15
1 2 18
1 3 45
1 4 37
3 5 42
3 6 19
6 7 29
6 8 19
1 9 49
6 10 45
6 11 34
6 2 42
6 11 33
4 9 10
3 3 16
2 1 42
7 12
1 2 37
2 3 2
3 4 19
2 5 48
5 6 6
2 7 39
4 1 32
7 6 25
5 3 18
5 1 9
1 7 38
5 1 38
10 12
1 2 12
2 3 10
1 4 45
4 5 10
1 6 50
6 7 46
3 8 14
2 9 33
3 10 12
4 6 25
4 9 30
8 6 41
9 16
1 2 29
1 3 50
2 4 20
4 5 28
4 6 8
5 7 25
1 8 24
1 9 1
3 9 46
4 5 22
1 6 38
7 9 32
3 1 13
8 6 30
2 5 47
2 8 6
