#1 -1 -1 106 -1 7 806 -1 959 371 -1 7 7 8 8 8 8 -1 159 9 9 9 9 976 836 -1 -1 10
#2 1 3 3 491 2 105 -1 -1 804 11 105 12 992 11
#3 0 0 -1 462 -1 -1 4 -1 -1 831 -1 7 7 869 126 -1 126 963 922 897 126 466 922 -1 700
#4 0 1 926 -1 -1 2 234 3 980 -1 -1 -1 25 521 11 234 840 15 980 16 530 19 429 521
#5 -1 -1 3 -1 5 274 534
#6 0 -1 -1 2 867 9 101
#7 3 3 4 -1 -1 231 -1 562 387 12 133 12 15 18 133
#8 -1 -1 77 -1 -1 -1 -1 -1 -1 -1 491 899 8 851 10 281 761 9 10 11 14 899 14 504 438 15 17 17
#9 -1 -1 103 -1 -1 7 7 7 339 9 -1 9 -1 9 9 -1
#10 0 -1 3 -1 558 282 15 558 708
