1
1111111111111111
1210001000000011
1010111011101011
1010001010101011
1010101000101111
1010100000100011
1010101011111011
1010100010000411
1011111110101011
1000000010100011
1111111010111011
1000001010001011
1010111011101011
1000000000001311
1111111111111111
1111111111111111
2
1111111111111111
1210001000100011
1010101010101111
1000100010100011
1111111110111011
1000000010000011
1010111111101011
1010100400001011
1000101111101011
1010100010101011
1011111010101011
1000000010101011
1011111010101111
1000000000101311
1111111111111111
1111111111111111
3
1111111111111111
1200000300000401
1111111111111111
1111111111111111
1111111111111111
1111111111111111
1111111111111111
1111111111111111
1111111111111111
1111111111111111
1111111111111111
1111111111111111
1111111111111111
1111111111111111
1111111111111111
1111111111111111
4
1111111111111111
1200000000000001
1111111111111101
1000000000000001
1011111111111111
1000000000000001
1111111111111101
1400000000000001
1011111111111111
1000000000000001
1111111111111101
1000000000000001
1011111111111111
1000000000000031
1111111111111111
1111111111111111
5
1111111111111111
1000011111000001
1020011111000001
1000000000000001
1000011111000001
1110111111000001
1110111111110111
1110111111110111
1110111111110111
1000001111110111
1000001111000001
1000001111000001
1040000000003001
1000001111000001
1000001111000001
1111111111111111
6
1111111111111111
1210000000000011
1111101011101111
1000100010100011
1110110010111011
1000100000001011
1011111111111011
1000000400001011
1111101111101011
1000000000101011
1011101111101011
1010001000001011
1011111011111011
1000000000000311
1111111111111111
1111111111111111
7
1111111111111111
1213000000000011
1010111011111011
1000001010001011
1111101110101011
1000100010100011
1011111010111011
1000001010001011
1010101010101011
1010100010100011
1010101110101111
1010001000101011
1011111011100011
1000000010000411
1111111111111111
1111111111111111
8
1111111111111111
1210000000000011
1011111111111011
1000000000100311
1111111110101011
1000000010001011
1011111111111011
1010000000000011
1111111111111111
1000100000000011
1011111111111011
1010000010000011
1011101010111011
1000001000100411
1111111111111111
1111111111111111
9
1111111111111111
1200000010100011
1111111010101011
1000000010101011
1011101010101011
1010001000041011
1010111111101011
1000100000101011
1011111010101011
1010000010101011
1000111110101011
1000100010000011
1101101111110011
1000000000000311
1111111111111111
1111111111111111
10
1111111111111111
1210000000000011
1011101011011011
1000001000000011
1101111011101011
1000000010000011
1011111010111111
1010000410001011
1011111111101011
1010000000100011
1010111110111011
1010001010001011
1011101011101011
1000000000100311
1111111111111111
1111111111111111
