10
15 14
33 49 22 99 56 47 12 48 52 13 87 73 75 87 53
1 2
1 3
3 4
3 5
4 5
4 6
6 7
7 8
8 9
10 12
11 12
11 13
13 14
14 15
15
5 4
18 28 41 56 60
1 3
2 3
3 4
3 5
5
13 15
32 37 93 25 32 86 76 35 90 79 44 30 26
1 2
2 3
3 4
4 5
4 6
5 6
5 7
6 8
7 8
8 9
9 10
10 12
11 12
11 13
12 13
13
11 12
28 99 83 16 39 10 85 46 99 69 14
1 2
1 3
2 3
3 5
4 5
4 6
5 7
6 7
6 8
7 9
8 10
9 11
11
13 11
56 50 24 53 77 89 76 60 10 12 28 97 79
1 3
4 5
4 6
5 6
5 7
6 8
7 8
8 9
8 10
9 11
10 12
13
13 14
64 76 95 67 24 67 54 46 10 90 16 91 93
2 3
3 4
4 6
5 7
6 7
7 8
7 9
8 9
9 10
9 11
10 11
10 12
11 12
12 13
13
9 11
87 73 31 59 76 98 98 11 63
1 2
2 3
3 5
4 5
4 6
5 7
6 7
6 8
7 8
7 9
8 9
9
10 9
41 42 60 23 54 53 88 42 53 92
1 2
2 3
2 4
4 5
5 7
6 7
7 8
8 10
9 10
10
6 6
33 72 89 64 16 69
1 2
1 3
2 4
3 5
4 6
5 6
6
15 11
88 43 83 32 93 68 52 63 66 29 60 97 21 93 22
2 3
3 5
4 6
5 6
5 7
6 8
8 10
10 11
13 14
13 15
14 15
15
