10
15
117 335 414 323 204 456 308 148 415 440 273 134 129 463 497
2768
20
382 162 161 440 311 334 485 310 129 291 161 64 87 266 82 117 305 394 133 115
2595
14
223 407 222 98 480 172 189 185 381 57 342 194 373 120
2442
18
139 152 255 457 467 483 450 361 191 63 237 99 197 343 199 351 304 406
3053
8
165 125 218 291 323 389 213 450
1968
8
446 55 450 238 266 264 212 50
1820
20
269 359 182 129 442 238 148 288 338 416 164 474 374 342 134 164 129 131 191 473
5366
18
341 320 331 250 345 269 442 385 416 492 56 282 321 200 71 375 98 63
2641
5
399 379 221 238 96
1329
19
311 492 480 274 99 280 349 94 297 131 160 448 86 488 398 359 412 151 486
3891
