10
6
28 28 -8 20 14 25
0 24 -26 28 -25 -30
24 0 54 18 -7 -34
-26 54 0 44 42 -14
28 18 44 0 2 -11
-25 -7 42 2 0 -1
-30 -34 -14 -11 -1 0
11
-4 -8 -12 -6 14 17 50 22 -4 21 29
0 31 -5 8 -20 43 41 -25 -17 -40 37
31 0 10 -22 59 32 -20 -16 -19 -37 45
-5 10 0 -10 17 41 9 -24 39 30 56
8 -22 -10 0 -34 37 -9 51 39 59 24
-20 59 17 -34 0 51 -3 48 35 3 27
43 32 41 37 51 0 47 3 29 6 21
41 -20 9 -9 -3 47 0 11 57 -33 -28
-25 -16 -24 51 48 3 11 0 -2 43 15
-17 -19 39 39 35 29 57 -2 0 -8 -10
-40 -37 30 59 3 6 -33 43 -8 0 50
37 45 56 24 27 21 -28 15 -10 50 0
10
25 35 33 44 2 -12 -23 44 11 -9
0 -34 56 -5 50 49 -25 51 -34 60
-34 0 36 -12 -1 27 39 -13 43 55
56 36 0 53 32 5 2 18 -39 48
-5 -12 53 0 -26 20 -16 27 -25 52
50 -1 32 -26 0 36 -14 -35 9 52
49 27 5 20 36 0 -27 11 46 51
-25 39 2 -16 -14 -27 0 -21 39 44
51 -13 18 27 -35 11 -21 0 42 21
-34 43 -39 -25 9 46 39 42 0 29
60 55 48 52 52 51 44 21 29 0
5
26 -10 -24 30 -24
0 -15 -9 -20 -28
-15 0 -36 -23 -13
-9 -36 0 42 -29
-20 -23 42 0 -25
-28 -13 -29 -25 0
7
-22 21 -26 39 24 30 27
0 3 49 18 27 -16 37
3 0 34 -8 13 -22 -14
49 34 0 12 -31 36 -6
18 -8 12 0 11 -7 50
27 13 -31 11 0 -28 -16
-16 -22 36 -7 -28 0 -11
37 -14 -6 50 -16 -11 0
5
19 4 -30 4 8
0 -36 -37 31 -3
-36 0 -11 11 -39
-37 -11 0 43 -30
31 11 43 0 -12
-3 -39 -30 -12 0
7
50 -28 -19 44 15 11 26
0 -36 53 58 -17 -30 -38
-36 0 48 39 5 30 -22
53 48 0 -20 49 -40 47
58 39 -20 0 54 -39 50
-17 5 49 54 0 0 24
-30 30 -40 -39 0 0 10
-38 -22 47 50 24 10 0
6
18 18 27 -5 -3 -10
0 36 33 30 -6 -31
36 0 40 18 41 55
33 40 0 -23 15 34
30 18 -23 0 34 24
-6 41 15 34 0 -26
-31 55 34 24 -26 0
10
8 -14 -16 44 48 -2 -24 20 28 25
0 50 4 -29 -32 -35 16 13 -38 32
50 0 -21 21 -27 48 -29 -3 40 46
4 -21 0 -28 31 32 -22 -23 57 30
-29 21 -28 0 34 -22 -19 5 54 32
-32 -27 31 34 0 8 51 53 -27 42
-35 48 32 -22 8 0 22 1 -26 46
16 -29 -22 -19 51 22 0 60 20 -4
13 -3 -23 5 53 1 60 0 -11 54
-38 40 57 54 -27 -26 20 -11 0 58
32 46 30 32 42 46 -4 54 58 0
11
14 -1 -26 -29 -2 34 -16 40 -19 -14 30
0 40 -34 54 21 4 25 21 -14 23 -34
40 0 45 24 35 -8 -37 37 27 27 58
-34 45 0 -27 48 -17 -35 34 50 -11 19
54 24 -27 0 48 -39 -26 -12 6 1 -25
21 35 48 48 0 40 -2 -27 -1 -1 49
4 -8 -17 -39 40 0 16 39 -16 1 -29
25 -37 -35 -26 -2 16 0 -20 3 36 58
21 37 34 -12 -27 39 -20 0 42 39 -21
-14 27 50 6 -1 -16 3 42 0 -16 51
23 27 -11 1 -1 1 36 39 -16 0 14
-34 58 19 -25 49 -29 58 -21 51 14 0
