10
26 19
11 18
18 13
16 1
6 5
15 22
25 20
1 11
10 24
12 8
10 22
5 20
3 7
17 25
10 19
18 6
25 23
11 6
13 25
8 21
24 12
23 15
1 18
23 24
14 12
10 12
24 9
19 12
24 4
6 2
14 22
10 9
6 8
24 8
8 7
4 6
20 24
10 13
2 1
13 18
6 5
4 13
22 12
2 19
12 1
8 12
15 14
10 4
14 2
14 7
4 1
17 22
16 7
12 10
19 19
10 20
9 7
9 6
4 5
7 5
7 9
10 3
10 1
9 1
3 2
4 5
1 5
9 4
3 8
3 2
4 10
7 5
6 4
4 4
6 6
9 2
19 17
10 16
3 14
4 3
5 12
7 9
17 19
15 5
7 2
14 8
15 16
4 10
6 16
2 7
8 6
13 15
14 15
8 5
13 19
13 13
8 5
5 5
9 12
6 4
6 11
11 5
3 4
2 6
1 3
6 13
4 8
10 9
4 9
8 9
2 11
11 5
6 3
1 6
20 17
9 2
18 10
11 10
16 5
14 2
3 16
11 10
3 3
17 4
12 4
4 5
12 17
6 9
9 17
8 13
2 11
13 2
10 5
3 1
9 9
6 8
10 8
1 5
28 9
13 13
12 28
20 21
14 13
15 23
6 9
27 28
23 3
11 4
