10
36 294
5 7 13 16 31 32 49 51 60 66 67 68 77 83 86 103 107 109 112 115 121 124 125 128 133 141 144 145 151 172 182 185 186 190 197 199
32 84
4 7 14 18 21 22 25 29 44 55 66 69 70 75 80 86 89 94 102 107 113 115 123 124 125 127 158 161 180 190 191 199
12 126
19 27 31 88 95 103 112 115 120 139 151 198
28 129
3 6 11 18 21 40 46 47 49 60 62 64 69 78 80 91 111 114 132 136 138 142 156 159 174 175 178 199
20 235
8 16 18 43 44 57 60 69 112 113 119 125 127 133 142 148 157 176 178 195
19 93
6 13 14 15 17 23 36 57 61 62 86 91 106 113 115 156 176 179 198
18 297
15 32 37 48 52 53 55 74 87 92 98 100 103 118 129 142 151 187
20 130
10 24 27 28 38 61 65 80 102 107 123 124 132 139 153 162 168 182 192 196
12 291
27 50 54 65 66 79 102 116 134 148 163 197
21 221
5 16 17 19 23 30 39 49 54 61 78 93 95 104 108 113 121 128 130 141 172
