10
45 16
52 77 48 69 87 71 58 23 79 83 15 55 67 88 66 37 92 50 40 74 27 26 27 74 17 72 41 92 31 61 100 21 14 29 28 79 55 60 22 34 14 100 93 94 18
44 16
18 73 94 90 54 39 56 64 64 35 21 85 46 41 11 67 90 99 29 25 53 73 76 100 25 52 70 65 86 90 92 13 96 54 69 10 40 85 76 60 40 92 51 71
62 44
50 57 23 59 15 67 95 46 40 17 90 14 38 71 94 99 18 56 42 90 80 85 91 11 33 23 36 76 28 75 100 56 84 40 26 25 30 20 81 56 15 95 22 39 77 13 15 25 67 92 80 40 63 48 35 21 19 87 26 83 11 83
47 43
78 28 98 10 78 30 100 80 52 28 15 78 86 21 46 86 49 50 57 74 53 63 49 12 82 16 53 22 79 17 92 30 70 21 29 12 41 48 49 61 35 91 17 79 77 56 80
43 45
45 52 24 48 88 35 14 24 84 53 98 85 80 99 64 40 100 63 92 56 48 69 70 62 50 90 71 13 79 50 91 91 17 27 40 49 61 72 48 36 27 57 95
48 11
23 78 79 22 63 16 31 98 85 85 52 31 22 65 26 78 26 91 86 49 35 64 74 24 62 84 45 97 41 72 44 15 15 48 100 18 80 76 76 49 37 16 88 54 58 72 33 97
58 13
35 82 66 26 42 66 36 84 23 45 38 36 63 59 98 50 14 25 20 71 27 100 34 45 74 73 50 56 64 85 57 33 72 39 63 39 12 76 64 31 76 71 47 52 76 30 28 36 30 93 74 15 40 51 37 78 44 18
70 17
10 86 50 95 30 84 42 82 94 43 92 84 27 53 60 83 84 44 76 37 84 42 54 89 90 58 53 29 40 47 82 94 71 10 48 14 92 62 34 56 39 33 90 72 62 16 22 67 100 35 99 71 94 45 23 70 25 76 64 38 50 62 73 32 71 92 52 67 20 44
70 35
52 43 72 40 43 14 59 77 46 25 26 39 55 91 15 53 16 43 16 58 47 96 48 18 54 63 59 77 81 84 77 84 42 22 31 48 63 35 77 83 40 62 14 57 86 32 25 10 75 36 31 55 76 87 25 20 46 16 46 15 79 80 24 49 77 99 37 65 68 87
56 11
95 53 23 46 46 40 25 55 40 95 75 41 95 21 68 65 92 28 63 100 100 78 48 83 35 35 84 72 24 77 75 18 77 87 62 73 36 35 33 49 80 90 30 23 78 73 52 46 34 40 62 51 54 12 30 85
