10
26 12
-29 -95 -27 1 -81 61 41 55 -9 -49 -28 44 -53 -94 -54 -47 -21 7 87 23 49 -88 71 29 90 94
24 3
-18 -45 85 92 18 88 -88 -88 -93 -41 -91 -94 39 -29 -29 34 -57 -3 -70 61 40 63 -65 5
30 8
-52 -87 -65 -93 31 -54 6 -44 6 67 -88 -41 -63 30 -61 -61 -32 -24 -25 32 -26 -73 5 7 -17 36 68 -67 37 78
21 2
-31 14 84 97 -15 54 -99 51 19 -62 -60 -88 21 -55 -54 32 -39 58 34 -74 -33
58 4
-10 99 67 -7 -95 46 -32 11 -4 31 99 50 -65 -53 -92 36 10 36 -69 50 89 23 85 -31 -63 -18 -38 58 -42 -64 -16 -11 91 -60 39 -2 -99 99 -74 62 68 50 -40 86 96 35 22 22 -4 -100 19 79 -68 -83 -15 -52 37 -8
40 8
-46 -25 93 -99 -34 23 52 59 87 -78 61 52 46 33 -19 79 -41 17 75 -4 29 -89 -65 -35 3 33 -85 71 52 -79 0 80 -55 -65 11 -11 -1 -45 7 -71
57 2
-76 -77 -40 -46 29 -11 -88 2 72 -17 -5 -24 -74 100 25 44 79 86 -52 61 -95 -27 -83 81 -53 56 39 52 78 -39 75 33 -21 -70 -73 -38 -56 6 33 -73 -4 -71 -38 -75 -7 73 -42 -61 -63 76 44 -89 45 67 27 57 88
23 8
-49 -10 19 44 -99 81 -80 94 65 -60 81 -31 -6 98 -2 50 50 65 -10 12 43 93 1
34 12
-74 -65 84 8 -39 77 -97 -38 -79 -75 -45 91 98 15 -26 -3 -95 -72 -41 -58 -94 30 -50 -2 -2 75 61 -60 -40 71 38 -90 94 84
21 3
-61 92 86 -53 -62 88 37 -93 81 82 -98 -40 -97 -45 96 17 -19 82 30 66 63
