10
44 14 4 10
2 8 12 6 10 12 12 10 4 9 2 3 8 11 3 11 11 2 5 11 5 9 5 13 5 4 14 2 11 6 1 2 12 3 7 13 14 7 5 13 13 4 6 11
22 12 6 3
2 3 12 7 10 1 8 7 7 7 10 1 3 11 9 1 6 7 4 10 9 2
48 16 3 14
16 14 8 11 2 14 7 3 10 16 4 10 11 6 2 15 11 13 8 10 13 9 3 14 15 8 14 5 15 5 10 1 7 10 6 8 4 16 15 14 5 7 6 5 12 13 15 10
44 14 6 4
14 3 11 10 14 12 12 13 5 12 8 4 14 12 4 11 1 6 3 13 10 5 5 6 12 7 4 14 10 9 3 7 6 10 1 6 7 2 4 6 13 5 7 9
35 28 4 19
24 26 20 11 21 27 8 2 21 15 28 14 1 14 16 22 27 9 17 27 24 3 16 19 17 22 21 1 18 10 28 25 26 5 1
35 25 8 16
6 23 5 25 6 25 21 2 2 21 14 21 24 5 4 24 5 10 2 8 16 10 18 21 11 3 24 18 24 5 2 11 12 15 25
39 21 6 6
1 14 19 10 10 4 5 4 17 19 20 21 2 4 12 2 1 12 5 8 11 20 9 5 20 7 12 20 1 2 13 18 11 17 6 14 6 13 9
41 28 5 18
15 15 14 12 16 15 15 26 26 3 27 1 27 23 13 11 13 8 25 16 19 7 1 18 21 9 13 21 20 16 7 23 20 19 17 25 5 3 3 21 1
36 11 4 11
1 2 7 6 10 4 6 10 8 6 2 11 8 4 7 8 2 8 8 8 3 7 7 8 9 6 2 5 7 8 2 4 6 11 2 2
27 11 6 3
1 7 10 6 7 2 2 11 6 5 4 9 2 8 4 1 1 5 7 5 11 1 10 5 11 8 8
