10
12 13
3 6
2 3
7 6
4 5
12 11
6 2
10 3
8 10
1 4
3 10
8 1
9 6
12 2
12 18
8 2
7 5
12 6
3 1
1 3
9 4
12 2
3 6
1 11
6 10
9 3
12 11
5 9
3 9
8 7
11 8
6 9
9 5
16 14
8 12
14 9
6 10
8 12
2 15
5 10
10 10
3 14
7 14
15 2
5 8
10 15
1 2
15 7
18 17
11 2
9 4
14 1
4 17
17 13
2 3
5 5
9 1
14 9
8 7
5 2
2 1
9 11
13 14
10 14
16 15
5 10
23 6
22 11
17 23
4 14
16 15
17 6
7 18
15 9
11 5
14 3
9 7
4 1
7 14
10 5
12 6
14 3
15 14
20 18
8 13
3 9
7 14
2 19
13 11
20 20
16 18
2 7
14 7
6 4
13 15
7 17
8 18
7 5
18 6
7 12
20 4
18 16
15 13
3 5
5 7
11 6
13 7
4 4
3 14
1 13
11 6
10 11
12 14
12 12
7 1
9 5
29 20
22 17
22 13
8 29
7 22
7 18
21 12
4 22
17 16
29 6
16 20
13 19
9 12
28 21
14 5
26 18
29 6
21 29
27 28
24 28
23 18
21 19
17 1
2 19
4 3
19 13
5 1
19 2
17 21
19 13
6 19
11 13
11 12
8 11
6 12
8 11
21 19
11 13
1 11
10 9
14 2
