10
27
245 54 500 183 437 20 42 132 438 476 407 95 200 437 436 400 30 317 184 195 18 355 281 107 397 275 225
9
A 3 143 912 73 A 3 889 864 724 D 0 1 I 4 2 419 379 A 3 639 712 25 A 3 698 898 746 I 2 3 716 356 865 I 1 2 815 447 D 2 1
22
334 166 246 250 126 124 178 70 297 390 253 297 401 208 20 87 78 274 491 313 157 315
9
I 2 2 464 245 A 3 830 102 233 A 1 751 I 4 1 296 A 1 988 D 1 1 I 4 3 311 705 752 D 0 1 D 2 1
18
186 371 500 457 381 144 18 377 370 115 36 179 331 285 140 25 68 212
10
D 3 1 D 1 2 A 1 731 I 3 3 614 236 768 D 1 2 A 1 168 A 2 810 817 I 3 1 466 A 1 123 D 1 2
16
491 481 247 455 335 64 200 329 93 66 12 446 356 247 206 174
10
I 3 1 599 I 3 2 654 598 I 3 1 558 A 1 724 I 1 1 529 A 3 318 364 400 A 1 822 D 2 1 A 1 663 D 1 2
14
101 146 74 25 206 474 105 63 377 69 193 366 175 289
7
A 2 809 283 D 2 2 D 0 2 A 1 379 D 0 1 I 4 1 471 A 3 654 992 211
13
496 33 453 162 125 389 92 491 350 327 459 186 493
8
I 4 1 627 A 3 747 369 34 D 2 2 I 4 1 539 A 1 313 D 2 2 D 0 2 D 0 2
18
111 494 158 414 194 133 150 227 58 17 320 231 15 413 322 127 317 352
4
A 1 560 I 0 3 322 479 102 D 2 1 D 0 1
23
173 329 80 352 321 382 54 107 378 388 499 241 492 285 192 269 10 392 372 483 282 449 476
5
I 0 2 320 368 D 2 1 D 2 2 I 5 3 430 427 972 I 3 1 227
27
11 185 216 232 11 356 388 401 81 81 276 234 365 211 132 249 138 493 259 483 150 433 406 130 331 173 218
9
A 2 371 384 A 3 410 946 406 I 2 2 552 344 A 3 398 496 865 I 2 1 989 I 2 3 566 44 842 A 2 694 956 D 3 1 D 0 1
26
330 234 402 155 447 142 293 312 295 302 436 290 170 111 249 247 353 495 479 270 86 72 271 49 275 127
4
A 1 917 I 2 1 250 D 2 2 A 1 563
