10
35 5
45 100 85 16 29 34 61 4 24 97 9 33 27 48 97 98 6 14 3 65 53 60 13 28 13 38 24 50 47 20 38 35 14 41 68
19 3
26 19 68 50 76 80 77 79 1 10 69 39 81 42 80 60 44 58 50
22 5
38 93 16 92 49 66 68 44 52 30 48 30 72 35 32 33 15 50 79 0 21 87
27 7
77 39 100 84 89 20 23 18 12 67 80 39 7 55 19 89 31 38 9 41 6 65 40 50 28 58 66
34 5
51 42 51 73 77 22 52 87 84 57 49 20 65 72 31 76 5 84 89 58 53 86 4 29 49 44 62 2 21 99 8 45 58 63
31 7
60 61 93 54 23 22 78 69 57 28 19 62 84 42 23 14 80 57 90 81 34 25 72 46 26 28 10 38 44 84 3
39 5
97 31 50 3 54 9 91 11 8 55 90 96 14 36 67 52 35 7 93 41 18 43 2 4 14 78 35 77 39 26 85 43 5 69 5 99 48 30 80
19 5
7 0 85 51 35 94 56 93 56 12 24 40 79 77 64 100 83 44 77
16 3
94 9 24 77 78 33 0 53 52 73 95 17 18 26 82 17
23 7
96 37 93 66 91 28 45 78 21 70 39 9 23 92 6 2 42 95 16 57 30 28 11
