10
3 4 2
16 50 30 27
32 37 12 39
12 10 34 21
3 5 3
18 26 19 24 18
16 14 17 27 28
45 31 18 30 34
5 4 2
15 46 45 12
16 5 43 30
14 41 15 17
15 6 47 20
33 45 29 13
5 5 1
43 20 50 44 37
50 23 49 42 26
38 48 26 39 28
35 30 8 11 24
46 32 21 20 50
5 4 3
36 42 21 14
8 48 42 25
15 8 22 50
49 12 50 8
43 19 24 38
5 3 3
41 27 26
34 5 49
12 35 17
38 12 43
18 7 29
5 3 2
48 50 14
44 47 46
35 39 7
49 33 15
8 35 8
3 3 1
11 7 13
18 46 10
12 21 9
5 5 2
7 39 32 35 33
26 49 34 38 17
43 42 21 31 14
18 31 9 43 22
30 21 50 11 17
3 3 2
22 5 22
24 7 6
40 23 19
