10
9
8 8
48 -28
40 0
43 -6
5 14
-36 18
-35 -40
44 8
-17 -44
11
-8 -21
-11 48
-24 -28
-32 -26
-6 -3
30 2
-24 1
9 21
-15 -2
-30 33
31 -35
10
-50 27
0 -32
49 22
-30 -26
-29 -47
35 -20
7 31
-1 -34
29 20
46 -44
12
41 29
49 14
41 -13
38 25
-7 17
37 -7
19 -4
11 1
47 -43
-38 -12
33 5
-18 -20
18
48 15
13 24
-18 -32
-43 36
24 -9
-29 -44
46 -15
40 39
-35 41
-44 50
26 -22
-11 17
29 -23
33 45
43 22
-5 -8
8 -49
38 -36
20
-26 17
-35 42
26 -24
-45 -1
42 -37
1 36
41 -31
29 34
32 11
19 -46
39 6
-30 -44
10 46
-44 -25
-19 -30
-38 -46
-33 -23
32 -39
-35 -18
-42 38
17
-46 19
4 10
7 -7
39 8
17 -26
27 24
-18 3
-32 -24
2 -41
26 -16
1 -17
40 -38
-26 -21
-44 -1
-16 -50
-16 -12
-46 -47
14
-21 1
-49 33
-40 -22
-12 32
32 42
30 -48
-39 24
-5 -9
36 6
-46 43
48 -27
-40 -48
38 29
-5 20
9
-30 39
-50 37
44 -49
40 -10
14 0
-28 -2
-2 43
7 -25
-23 -30
13
-41 30
8 31
45 -33
5 24
24 14
-36 33
-12 -34
-36 24
28 -22
-44 0
8 5
40 -6
-39 -42
