#1 (1101)
#2 ((1010)(1001)(0101)(1001))
#3 (0010)
#4 ((1(1001)(0111)1)((1001)(0110)(0100)(0101))((1001)(1110)(0100)(0011))((1110)(1010)0(0101)))
#5 (((0001)(1110)(0001)(0011))((0010)(1110)0(1011))((1100)(1000)(1000)(0110))((0111)(1110)(0110)(1011)))
#6 1
#7 (((1101)(0011)(0100)(0101))((0110)(0011)(1110)(1001))((0111)(1010)(0011)(0001))((1100)(0001)(1100)(0010)))
#8 ((0110)(1100)(0011)(1000))
#9 (((1011)(0001)(0001)(1101))((1101)0(0111)(1011))((0011)(0101)(1011)0)((0101)(0101)(1011)1))
#10 (((1010)(1101)(0110)(0100))((0100)(0011)(0111)(1101))(1(1011)(0011)(0101))((1001)(0010)(0010)(1000)))
